42
2125
5100
1 2 12 12
2 1 12 12
2 3 20 6
3 2 20 6
3 4 12 11
4 3 12 11
4 1 21 7
1 4 21 7
1 5 8 12
5 1 8 12
5 6 16 2
6 5 16 2
6 7 21 11
7 6 21 11
6 8 22 6
8 6 22 6
10 11 7 3
11 10 7 3
11 12 10 12
12 11 10 12
12 13 7 9
13 12 7 9
13 14 11 9
14 13 11 9
14 15 11 12
15 14 11 12
15 3 13 0
3 15 13 0
15 16 8 2
16 15 8 2
16 17 5 8
17 16 5 8
17 14 4 7
14 17 4 7
14 18 4 11
18 14 4 11
18 19 4 3
19 18 4 3
19 17 4 8
17 19 4 8
19 20 4 6
20 19 4 6
20 21 6 4
21 20 6 4
21 18 7 2
18 21 7 2
21 22 18 3
22 21 18 3
22 23 11 10
23 22 11 10
24 25 13 12
25 24 13 12
25 26 11 4
26 25 11 4
26 16 15 5
16 26 15 5
16 27 15 5
27 16 15 5
27 28 9 11
28 27 9 11
29 16 10 7
16 29 10 7
31 32 3 0
32 31 3 0
32 2 6 3
2 32 6 3
30 33 18 14
33 30 18 14
34 35 14 6
35 34 14 6
35 28 3 1
28 35 3 1
36 37 10 8
37 36 10 8
37 24 13 12
24 37 13 12
24 20 8 1
20 24 8 1
22 38 3 3
38 22 3 3
38 37 9 2
37 38 9 2
37 39 8 5
39 37 8 5
39 40 8 3
40 39 8 3
40 41 7 8
41 40 7 8
41 42 9 7
42 41 9 7
42 43 8 1
43 42 8 1
47 48 21 3
48 47 21 3
48 49 6 7
49 48 6 7
51 52 8 0
52 51 8 0
52 53 15 11
53 52 15 11
53 54 4 13
54 53 4 13
54 55 9 3
55 54 9 3
55 51 9 14
51 55 9 14
55 56 5 3
56 55 5 3
56 57 11 8
57 56 11 8
57 58 4 3
58 57 4 3
58 59 5 12
59 58 5 12
59 53 4 13
53 59 4 13
56 60 14 12
60 56 14 12
60 50 5 1
50 60 5 1
13 10 9 13
10 13 9 13
10 62 12 7
62 10 12 7
9 63 15 10
63 9 15 10
63 58 16 7
58 63 16 7
34 64 18 13
64 34 18 13
65 66 5 3
66 65 5 3
66 67 4 3
67 66 4 3
67 68 19 1
68 67 19 1
68 69 4 8
69 68 4 8
66 70 4 0
70 66 4 0
70 71 4 12
71 70 4 12
71 72 3 14
72 71 3 14
72 73 5 13
73 72 5 13
74 75 8 0
75 74 8 0
75 76 6 13
76 75 6 13
76 77 28 7
77 76 28 7
77 78 5 1
78 77 5 1
78 79 5 10
79 78 5 10
78 80 15 13
80 78 15 13
80 81 4 5
81 80 4 5
81 77 17 2
77 81 17 2
77 82 4 9
82 77 4 9
82 75 28 11
75 82 28 11
75 83 11 6
83 75 11 6
83 84 4 9
84 83 4 9
83 86 10 9
86 83 10 9
87 88 10 9
88 87 10 9
88 89 14 4
89 88 14 4
89 90 3 5
90 89 3 5
90 81 3 6
81 90 3 6
90 82 18 8
82 90 18 8
89 91 15 4
91 89 15 4
89 93 3 11
93 89 3 11
93 94 3 3
94 93 3 3
94 95 4 4
95 94 4 4
93 96 4 14
96 93 4 14
67 97 4 7
97 67 4 7
97 98 4 14
98 97 4 14
97 99 5 4
99 97 5 4
99 100 5 3
100 99 5 3
100 101 3 0
101 100 3 0
101 102 6 5
102 101 6 5
101 103 20 13
103 101 20 13
103 104 6 14
104 103 6 14
104 105 2 1
105 104 2 1
105 106 10 4
106 105 10 4
107 108 10 2
108 107 10 2
108 104 6 10
104 108 6 10
106 109 9 3
109 106 9 3
109 110 4 11
110 109 4 11
109 111 8 13
111 109 8 13
111 107 9 12
107 111 9 12
111 112 12 12
112 111 12 12
105 113 11 12
113 105 11 12
113 100 8 8
100 113 8 8
113 114 5 7
114 113 5 7
114 115 15 4
115 114 15 4
114 116 8 10
116 114 8 10
114 117 6 11
117 114 6 11
118 119 2 3
119 118 2 3
119 120 7 1
120 119 7 1
120 121 10 12
121 120 10 12
121 122 9 3
122 121 9 3
121 123 6 10
123 121 6 10
123 124 11 6
124 123 11 6
124 125 5 2
125 124 5 2
124 128 7 1
128 124 7 1
128 121 8 13
121 128 8 13
130 120 7 12
120 130 7 12
131 132 5 13
132 131 5 13
132 133 5 3
133 132 5 3
133 134 5 6
134 133 5 6
134 135 6 14
135 134 6 14
135 136 5 0
136 135 5 0
136 137 7 7
137 136 7 7
137 138 7 9
138 137 7 9
138 120 11 8
120 138 11 8
118 137 8 0
137 118 8 0
138 139 4 14
139 138 4 14
132 140 7 12
140 132 7 12
129 141 8 12
141 129 8 12
141 142 4 5
142 141 4 5
142 143 6 9
143 142 6 9
143 144 10 9
144 143 10 9
144 145 7 10
145 144 7 10
145 146 4 4
146 145 4 4
146 144 6 5
144 146 6 5
148 149 6 8
149 148 6 8
149 147 5 2
147 149 5 2
64 150 9 10
150 64 9 10
150 147 4 14
147 150 4 14
150 151 7 7
151 150 7 7
151 152 7 4
152 151 7 4
152 145 7 5
145 152 7 5
145 153 16 0
153 145 16 0
152 154 13 4
154 152 13 4
154 155 7 12
155 154 7 12
155 156 9 4
156 155 9 4
156 157 8 1
157 156 8 1
157 158 19 11
158 157 19 11
158 159 7 11
159 158 7 11
159 160 20 2
160 159 20 2
160 161 7 10
161 160 7 10
156 162 18 7
162 156 18 7
163 164 6 12
164 163 6 12
164 165 7 6
165 164 7 6
166 154 13 0
154 166 13 0
155 167 9 5
167 155 9 5
167 168 6 9
168 167 6 9
168 169 15 7
169 168 15 7
169 170 6 10
170 169 6 10
169 155 11 11
155 169 11 11
169 171 5 3
171 169 5 3
151 170 8 11
170 151 8 11
170 171 4 4
171 170 4 4
27 26 6 7
26 27 6 7
36 172 12 13
172 36 12 13
173 174 16 5
174 173 16 5
174 175 10 4
175 174 10 4
175 176 17 8
176 175 17 8
176 177 3 5
177 176 3 5
176 178 7 2
178 176 7 2
178 179 4 0
179 178 4 0
178 180 5 7
180 178 5 7
180 181 4 13
181 180 4 13
180 182 15 5
182 180 15 5
182 183 6 1
183 182 6 1
183 184 3 6
184 183 3 6
184 185 4 2
185 184 4 2
183 186 9 9
186 183 9 9
186 187 16 2
187 186 16 2
186 188 7 1
188 186 7 1
188 189 13 5
189 188 13 5
189 190 5 11
190 189 5 11
190 191 6 4
191 190 6 4
191 192 4 0
192 191 4 0
192 189 8 5
189 192 8 5
192 193 7 9
193 192 7 9
190 194 8 10
194 190 8 10
194 195 10 9
195 194 10 9
195 196 15 4
196 195 15 4
196 197 15 6
197 196 15 6
197 198 4 4
198 197 4 4
199 200 21 3
200 199 21 3
200 201 11 8
201 200 11 8
196 202 10 6
202 196 10 6
202 203 18 11
203 202 18 11
203 204 9 10
204 203 9 10
205 202 10 12
202 205 10 12
197 206 16 11
206 197 16 11
207 173 5 14
173 207 5 14
207 208 7 3
208 207 7 3
209 208 2 11
208 209 2 11
209 211 13 3
211 209 13 3
212 213 6 7
213 212 6 7
213 208 8 3
208 213 8 3
213 214 7 13
214 213 7 13
214 41 30 6
41 214 30 6
42 44 4 9
44 42 4 9
44 215 15 2
215 44 15 2
216 214 8 0
214 216 8 0
131 217 15 0
217 131 15 0
217 218 6 11
218 217 6 11
218 219 5 14
219 218 5 14
219 220 5 3
220 219 5 3
220 221 5 2
221 220 5 2
221 222 5 9
222 221 5 9
222 223 4 5
223 222 4 5
223 224 8 2
224 223 8 2
224 225 7 6
225 224 7 6
225 226 6 12
226 225 6 12
226 227 5 7
227 226 5 7
227 228 5 9
228 227 5 9
228 229 7 6
229 228 7 6
229 230 4 10
230 229 4 10
230 231 5 11
231 230 5 11
231 232 5 5
232 231 5 5
232 233 5 6
233 232 5 6
233 234 4 10
234 233 4 10
234 235 3 9
235 234 3 9
235 236 6 5
236 235 6 5
236 237 19 10
237 236 19 10
238 235 7 7
235 238 7 7
234 239 8 8
239 234 8 8
240 241 2 3
241 240 2 3
241 232 9 11
232 241 9 11
241 242 3 9
242 241 3 9
242 243 14 3
243 242 14 3
242 244 3 7
244 242 3 7
244 231 10 10
231 244 10 10
244 217 5 11
217 244 5 11
218 132 17 14
132 218 17 14
133 219 18 5
219 133 18 5
134 220 20 5
220 134 20 5
135 221 21 2
221 135 21 2
222 136 22 14
136 222 22 14
245 108 15 1
108 245 15 1
245 246 14 11
246 245 14 11
246 247 7 11
247 246 7 11
247 248 9 2
248 247 9 2
248 249 4 3
249 248 4 3
249 250 14 10
250 249 14 10
251 252 4 1
252 251 4 1
252 253 51 14
253 252 51 14
253 94 15 12
94 253 15 12
247 254 4 1
254 247 4 1
254 255 3 11
255 254 3 11
254 256 8 2
256 254 8 2
247 257 20 7
257 247 20 7
257 258 14 0
258 257 14 0
259 260 5 14
260 259 5 14
246 261 17 2
261 246 17 2
261 257 7 0
257 261 7 0
262 263 6 10
263 262 6 10
245 264 14 13
264 245 14 13
224 265 3 13
265 224 3 13
265 225 7 6
225 265 7 6
225 266 15 10
266 225 15 10
225 222 12 13
222 225 12 13
221 226 11 9
226 221 11 9
228 267 15 6
267 228 15 6
267 268 7 9
268 267 7 9
268 229 10 9
229 268 10 9
269 270 7 0
270 269 7 0
270 267 5 0
267 270 5 0
230 271 28 11
271 230 28 11
271 272 5 12
272 271 5 12
272 231 26 4
231 272 26 4
232 273 22 4
273 232 22 4
269 274 12 5
274 269 12 5
274 271 5 11
271 274 5 11
274 275 4 14
275 274 4 14
277 278 5 6
278 277 5 6
238 279 5 0
279 238 5 0
279 280 4 4
280 279 4 4
281 282 5 3
282 281 5 3
282 283 7 10
283 282 7 10
282 284 22 5
284 282 22 5
284 285 6 5
285 284 6 5
280 285 3 0
285 280 3 0
285 286 6 3
286 285 6 3
284 286 6 3
286 284 6 3
287 288 6 2
288 287 6 2
288 289 12 3
289 288 12 3
289 290 14 0
290 289 14 0
290 266 5 12
266 290 5 12
290 265 14 4
265 290 14 4
266 291 15 5
291 266 15 5
289 292 3 4
292 289 3 4
289 293 9 4
293 289 9 4
291 294 7 0
294 291 7 0
291 295 6 8
295 291 6 8
295 296 25 0
296 295 25 0
296 226 8 10
226 296 8 10
296 297 14 5
297 296 14 5
297 298 13 12
298 297 13 12
298 295 6 2
295 298 6 2
298 299 4 0
299 298 4 0
299 300 7 0
300 299 7 0
297 301 11 9
301 297 11 9
301 302 7 4
302 301 7 4
227 303 33 2
303 227 33 2
304 305 4 2
305 304 4 2
305 306 6 14
306 305 6 14
275 308 3 13
308 275 3 13
309 310 4 3
310 309 4 3
310 276 5 1
276 310 5 1
311 312 18 13
312 311 18 13
312 313 6 2
313 312 6 2
314 310 18 9
310 314 18 9
263 315 13 5
315 263 13 5
316 317 7 11
317 316 7 11
317 318 4 9
318 317 4 9
318 319 4 1
319 318 4 1
318 320 5 1
320 318 5 1
320 321 5 12
321 320 5 12
320 322 3 1
322 320 3 1
322 323 4 0
323 322 4 0
322 262 13 2
262 322 13 2
324 325 3 12
325 324 3 12
325 326 12 4
326 325 12 4
327 328 9 5
328 327 9 5
328 329 4 7
329 328 4 7
329 326 10 2
326 329 10 2
326 330 3 4
330 326 3 4
330 331 9 11
331 330 9 11
331 329 3 7
329 331 3 7
264 332 6 10
332 264 6 10
332 333 8 11
333 332 8 11
333 334 25 9
334 333 25 9
334 335 16 2
335 334 16 2
335 332 17 11
332 335 17 11
332 336 19 2
336 332 19 2
333 337 4 5
337 333 4 5
337 338 14 0
338 337 14 0
338 339 18 11
339 338 18 11
340 341 12 11
341 340 12 11
340 342 6 10
342 340 6 10
342 343 13 4
343 342 13 4
340 344 7 2
344 340 7 2
344 343 12 11
343 344 12 11
343 345 13 10
345 343 13 10
346 347 9 1
347 346 9 1
347 348 9 8
348 347 9 8
346 349 9 3
349 346 9 3
349 350 5 6
350 349 5 6
346 351 9 13
351 346 9 13
351 352 15 7
352 351 15 7
352 353 6 8
353 352 6 8
353 354 3 2
354 353 3 2
354 355 4 8
355 354 4 8
356 357 3 8
357 356 3 8
357 358 3 9
358 357 3 9
357 359 4 6
359 357 4 6
359 360 7 14
360 359 7 14
359 361 3 3
361 359 3 3
361 362 8 4
362 361 8 4
361 363 3 1
363 361 3 1
363 364 2 2
364 363 2 2
363 365 5 10
365 363 5 10
317 366 4 4
366 317 4 4
366 367 7 9
367 366 7 9
366 327 3 14
327 366 3 14
368 369 4 7
369 368 4 7
370 371 4 8
371 370 4 8
371 372 7 7
372 371 7 7
372 373 7 5
373 372 7 5
374 375 5 10
375 374 5 10
287 376 12 13
376 287 12 13
376 377 3 8
377 376 3 8
377 378 4 14
378 377 4 14
377 374 3 12
374 377 3 12
379 373 7 9
373 379 7 9
379 380 7 12
380 379 7 12
380 372 7 13
372 380 7 13
380 381 7 6
381 380 7 6
381 371 7 11
371 381 7 11
381 382 12 3
382 381 12 3
383 384 3 5
384 383 3 5
384 385 7 4
385 384 7 4
386 387 11 14
387 386 11 14
385 388 4 14
388 385 4 14
388 389 4 14
389 388 4 14
387 390 3 0
390 387 3 0
390 391 7 6
391 390 7 6
391 389 3 10
389 391 3 10
389 392 5 13
392 389 5 13
392 390 5 7
390 392 5 7
387 393 5 10
393 387 5 10
387 394 7 5
394 387 7 5
394 395 23 6
395 394 23 6
395 396 6 11
396 395 6 11
396 386 11 6
386 396 11 6
396 397 3 5
397 396 3 5
398 399 5 5
399 398 5 5
399 400 5 2
400 399 5 2
400 401 9 3
401 400 9 3
401 402 20 1
402 401 20 1
402 403 4 2
403 402 4 2
404 403 6 6
403 404 6 6
376 403 12 8
403 376 12 8
399 405 2 1
405 399 2 1
405 406 7 5
406 405 7 5
405 407 4 10
407 405 4 10
380 408 11 14
408 380 11 14
382 409 4 10
409 382 4 10
409 410 19 0
410 409 19 0
391 411 4 9
411 391 4 9
411 412 3 14
412 411 3 14
412 389 5 1
389 412 5 1
388 413 4 7
413 388 4 7
413 414 4 5
414 413 4 5
413 409 2 12
409 413 2 12
414 412 9 10
412 414 9 10
394 415 3 6
415 394 3 6
415 416 17 0
416 415 17 0
418 415 5 8
415 418 5 8
417 419 5 7
419 417 5 7
286 420 11 6
420 286 11 6
420 421 7 4
421 420 7 4
421 422 10 5
422 421 10 5
422 195 12 3
195 422 12 3
422 423 4 12
423 422 4 12
424 425 5 0
425 424 5 0
424 175 5 5
175 424 5 5
144 426 8 12
426 144 8 12
426 142 15 14
142 426 15 14
426 427 8 10
427 426 8 10
427 428 6 1
428 427 6 1
428 429 2 7
429 428 2 7
429 430 7 13
430 429 7 13
430 427 3 6
427 430 3 6
428 431 8 14
431 428 8 14
431 432 6 3
432 431 6 3
432 141 3 0
141 432 3 0
431 433 5 8
433 431 5 8
433 434 16 2
434 433 16 2
434 435 8 5
435 434 8 5
435 239 29 5
239 435 29 5
46 436 9 11
436 46 9 11
438 439 5 5
439 438 5 5
437 440 23 12
440 437 23 12
440 441 19 1
441 440 19 1
441 442 4 5
442 441 4 5
441 443 4 5
443 441 4 5
443 444 3 6
444 443 3 6
444 445 12 5
445 444 12 5
445 446 7 10
446 445 7 10
446 447 9 14
447 446 9 14
447 444 8 13
444 447 8 13
447 448 9 14
448 447 9 14
448 449 5 7
449 448 5 7
449 446 7 9
446 449 7 9
448 450 6 3
450 448 6 3
450 451 9 6
451 450 9 6
451 452 6 8
452 451 6 8
450 453 16 7
453 450 16 7
449 454 13 9
454 449 13 9
455 456 5 3
456 455 5 3
456 457 7 7
457 456 7 7
456 458 3 2
458 456 3 2
458 459 21 9
459 458 21 9
459 460 3 8
460 459 3 8
460 461 14 13
461 460 14 13
461 462 3 0
462 461 3 0
462 463 5 1
463 462 5 1
463 458 8 11
458 463 8 11
445 464 5 5
464 445 5 5
463 465 13 10
465 463 13 10
465 466 4 12
466 465 4 12
63 467 32 9
467 63 32 9
467 468 14 11
468 467 14 11
468 469 9 12
469 468 9 12
469 470 8 6
470 469 8 6
470 471 9 2
471 470 9 2
471 472 6 7
472 471 6 7
472 473 12 5
473 472 12 5
473 474 7 11
474 473 7 11
475 476 5 11
476 475 5 11
474 477 13 6
477 474 13 6
477 478 5 3
478 477 5 3
478 479 8 9
479 478 8 9
480 481 7 2
481 480 7 2
481 482 7 0
482 481 7 0
482 471 6 8
471 482 6 8
483 484 19 4
484 483 19 4
484 485 7 3
485 484 7 3
481 485 21 1
485 481 21 1
485 486 7 2
486 485 7 2
487 488 6 1
488 487 6 1
487 480 3 3
480 487 3 3
489 490 2 1
490 489 2 1
490 491 8 0
491 490 8 0
491 492 3 2
492 491 3 2
492 493 5 1
493 492 5 1
492 494 5 6
494 492 5 6
494 495 8 9
495 494 8 9
490 496 19 0
496 490 19 0
484 497 7 8
497 484 7 8
497 468 35 0
468 497 35 0
497 498 5 1
498 497 5 1
498 496 3 0
496 498 3 0
498 499 7 1
499 498 7 1
499 63 7 11
63 499 7 11
491 500 10 2
500 491 10 2
500 501 12 8
501 500 12 8
501 489 3 7
489 501 3 7
501 502 8 1
502 501 8 1
504 205 12 11
205 504 12 11
205 505 5 9
505 205 5 9
278 506 8 1
506 278 8 1
506 504 8 13
504 506 8 13
506 505 12 13
505 506 12 13
503 507 13 0
507 503 13 0
507 508 14 5
508 507 14 5
509 510 7 5
510 509 7 5
512 513 3 11
513 512 3 11
513 514 4 5
514 513 4 5
514 515 4 3
515 514 4 3
515 516 4 10
516 515 4 10
516 517 4 8
517 516 4 8
518 519 4 3
519 518 4 3
519 516 4 5
516 519 4 5
519 520 4 0
520 519 4 0
520 515 5 13
515 520 5 13
520 521 4 5
521 520 4 5
521 514 6 14
514 521 6 14
521 522 4 5
522 521 4 5
522 513 8 0
513 522 8 0
513 523 4 14
523 513 4 14
523 524 7 1
524 523 7 1
524 522 3 8
522 524 3 8
524 525 4 8
525 524 4 8
525 526 6 12
526 525 6 12
526 523 4 0
523 526 4 0
526 527 4 3
527 526 4 3
527 528 4 14
528 527 4 14
528 525 4 7
525 528 4 7
528 529 3 7
529 528 3 7
529 530 3 13
530 529 3 13
530 527 2 1
527 530 2 1
532 531 4 6
531 532 4 6
531 533 7 3
533 531 7 3
533 534 5 1
534 533 5 1
534 535 4 13
535 534 4 13
535 536 12 2
536 535 12 2
536 510 5 10
510 536 5 10
510 537 4 7
537 510 4 7
537 538 3 7
538 537 3 7
538 539 5 3
539 538 5 3
539 510 3 13
510 539 3 13
537 540 16 11
540 537 16 11
540 541 6 11
541 540 6 11
508 537 18 2
537 508 18 2
540 542 18 10
542 540 18 10
542 543 14 5
543 542 14 5
543 544 5 1
544 543 5 1
542 199 20 11
199 542 20 11
546 547 8 8
547 546 8 8
547 548 10 12
548 547 10 12
209 549 3 3
549 209 3 3
549 210 8 0
210 549 8 0
545 550 7 13
550 545 7 13
550 551 15 7
551 550 15 7
551 552 6 13
552 551 6 13
552 553 17 14
553 552 17 14
553 550 7 9
550 553 7 9
538 554 17 7
554 538 17 7
554 555 4 10
555 554 4 10
555 539 19 4
539 555 19 4
555 556 5 13
556 555 5 13
556 557 2 12
557 556 2 12
557 558 11 14
558 557 11 14
558 559 6 14
559 558 6 14
559 560 9 2
560 559 9 2
560 557 6 12
557 560 6 12
560 552 4 14
552 560 4 14
561 562 9 11
562 561 9 11
562 563 18 6
563 562 18 6
563 564 9 0
564 563 9 0
564 211 13 8
211 564 13 8
566 567 11 1
567 566 11 1
568 569 18 11
569 568 18 11
569 570 9 7
570 569 9 7
570 571 5 2
571 570 5 2
573 216 6 11
216 573 6 11
574 575 6 1
575 574 6 1
575 576 5 3
576 575 5 3
574 577 15 1
577 574 15 1
577 578 6 6
578 577 6 6
578 572 27 4
572 578 27 4
579 465 6 3
465 579 6 3
580 581 13 10
581 580 13 10
581 582 5 0
582 581 5 0
582 583 11 2
583 582 11 2
583 580 4 13
580 583 4 13
583 558 5 7
558 583 5 7
582 556 3 9
556 582 3 9
555 584 12 9
584 555 12 9
584 585 5 8
585 584 5 8
585 535 13 10
535 585 13 10
584 586 9 8
586 584 9 8
586 536 8 10
536 586 8 10
585 587 7 3
587 585 7 3
587 534 12 1
534 587 12 1
587 588 5 0
588 587 5 0
588 533 11 10
533 588 11 10
589 590 3 2
590 589 3 2
590 562 11 10
562 590 11 10
591 592 16 3
592 591 16 3
592 546 6 10
546 592 6 10
593 594 16 7
594 593 16 7
593 595 5 14
595 593 5 14
595 596 9 9
596 595 9 9
596 559 6 3
559 596 6 3
596 597 6 12
597 596 6 12
597 598 11 7
598 597 11 7
598 595 6 14
595 598 6 14
599 600 4 1
600 599 4 1
599 601 6 5
601 599 6 5
601 459 4 13
459 601 4 13
602 603 17 4
603 602 17 4
603 604 7 8
604 603 7 8
604 605 13 5
605 604 13 5
605 606 6 11
606 605 6 11
476 607 16 7
607 476 16 7
607 608 15 4
608 607 15 4
608 609 14 6
609 608 14 6
607 473 12 5
473 607 12 5
476 610 19 14
610 476 19 14
610 611 7 3
611 610 7 3
611 612 14 13
612 611 14 13
613 451 7 10
451 613 7 10
612 614 6 2
614 612 6 2
614 615 7 0
615 614 7 0
615 616 11 9
616 615 11 9
616 617 11 13
617 616 11 13
617 618 11 10
618 617 11 10
619 500 11 4
500 619 11 4
621 622 16 7
622 621 16 7
622 502 10 9
502 622 10 9
502 623 9 9
623 502 9 9
502 624 11 11
624 502 11 11
626 627 5 9
627 626 5 9
627 628 4 3
628 627 4 3
622 629 5 13
629 622 5 13
629 630 8 4
630 629 8 4
630 626 4 8
626 630 4 8
630 631 3 6
631 630 3 6
630 632 5 7
632 630 5 7
632 633 4 0
633 632 4 0
633 629 5 6
629 633 5 6
633 634 7 2
634 633 7 2
634 635 6 10
635 634 6 10
637 620 2 3
620 637 2 3
637 638 23 3
638 637 23 3
638 639 5 7
639 638 5 7
639 640 5 8
640 639 5 8
640 641 5 7
641 640 5 7
641 642 13 3
642 641 13 3
642 643 10 1
643 642 10 1
644 632 5 14
632 644 5 14
632 645 6 9
645 632 6 9
644 646 10 8
646 644 10 8
636 640 15 10
640 636 15 10
637 647 5 9
647 637 5 9
647 639 19 12
639 647 19 12
647 636 6 14
636 647 6 14
619 648 13 11
648 619 13 11
619 499 37 1
499 619 37 1
652 650 10 4
650 652 10 4
652 653 5 7
653 652 5 7
653 654 5 7
654 653 5 7
651 655 5 10
655 651 5 10
655 656 4 10
656 655 4 10
644 657 4 8
657 644 4 8
658 659 8 0
659 658 8 0
659 660 9 6
660 659 9 6
660 661 9 12
661 660 9 12
661 662 8 3
662 661 8 3
662 663 4 13
663 662 4 13
662 664 3 10
664 662 3 10
665 666 10 13
666 665 10 13
667 668 3 3
668 667 3 3
668 669 9 2
669 668 9 2
669 670 8 7
670 669 8 7
670 638 4 2
638 670 4 2
649 656 24 9
656 649 24 9
640 669 8 7
669 640 8 7
641 671 7 7
671 641 7 7
641 672 3 9
672 641 3 9
672 673 7 0
673 672 7 0
672 674 3 14
674 672 3 14
674 675 11 9
675 674 11 9
675 676 4 14
676 675 4 14
657 677 11 1
677 657 11 1
677 646 4 9
646 677 4 9
677 678 4 1
678 677 4 1
679 680 14 3
680 679 14 3
680 661 4 12
661 680 4 12
680 681 19 4
681 680 19 4
681 682 5 10
682 681 5 10
682 661 19 8
661 682 19 8
682 666 3 9
666 682 3 9
656 683 19 8
683 656 19 8
683 684 42 12
684 683 42 12
686 687 16 11
687 686 16 11
687 688 9 1
688 687 9 1
688 689 6 10
689 688 6 10
689 690 2 9
690 689 2 9
606 691 4 4
691 606 4 4
691 692 7 3
692 691 7 3
597 693 4 4
693 597 4 4
693 694 4 1
694 693 4 1
693 695 10 14
695 693 10 14
696 697 9 8
697 696 9 8
697 601 13 4
601 697 13 4
567 698 4 12
698 567 4 12
698 699 2 3
699 698 2 3
700 606 5 3
606 700 5 3
700 604 14 8
604 700 14 8
700 701 3 13
701 700 3 13
701 567 11 13
567 701 11 13
702 703 15 9
703 702 15 9
703 704 3 4
704 703 3 4
704 602 6 12
602 704 6 12
703 705 8 13
705 703 8 13
704 706 11 3
706 704 11 3
706 463 7 4
463 706 7 4
288 707 17 14
707 288 17 14
707 708 9 9
708 707 9 9
708 709 11 4
709 708 11 4
709 710 24 2
710 709 24 2
710 711 6 14
711 710 6 14
713 714 10 6
714 713 10 6
717 718 7 10
718 717 7 10
718 719 7 5
719 718 7 5
719 720 11 9
720 719 11 9
721 306 8 14
306 721 8 14
719 722 12 7
722 719 12 7
722 723 11 8
723 722 11 8
723 717 7 4
717 723 7 4
722 724 6 0
724 722 6 0
724 725 14 2
725 724 14 2
724 726 12 4
726 724 12 4
726 727 15 12
727 726 15 12
728 729 13 11
729 728 13 11
728 730 5 12
730 728 5 12
730 731 10 0
731 730 10 0
733 734 19 5
734 733 19 5
733 735 5 11
735 733 5 11
735 736 5 6
736 735 5 6
737 738 6 14
738 737 6 14
735 739 15 5
739 735 15 5
739 734 5 9
734 739 5 9
736 740 10 4
740 736 10 4
740 741 19 7
741 740 19 7
741 742 4 5
742 741 4 5
742 743 11 1
743 742 11 1
743 744 7 0
744 743 7 0
745 746 6 4
746 745 6 4
746 747 10 3
747 746 10 3
747 744 4 2
744 747 4 2
745 740 4 7
740 745 4 7
746 748 3 2
748 746 3 2
749 738 3 10
738 749 3 10
750 751 3 10
751 750 3 10
751 752 3 11
752 751 3 11
747 753 8 4
753 747 8 4
754 755 6 13
755 754 6 13
755 756 2 0
756 755 2 0
756 757 5 1
757 756 5 1
757 758 5 2
758 757 5 2
758 759 5 11
759 758 5 11
759 760 5 14
760 759 5 14
760 761 5 8
761 760 5 8
762 763 5 14
763 762 5 14
763 764 5 12
764 763 5 12
764 765 5 0
765 764 5 0
765 766 4 6
766 765 4 6
766 767 2 13
767 766 2 13
767 768 7 2
768 767 7 2
768 769 5 7
769 768 5 7
769 770 8 14
770 769 8 14
771 762 5 11
762 771 5 11
768 773 5 11
773 768 5 11
773 774 6 6
774 773 6 6
774 775 9 14
775 774 9 14
773 742 4 10
742 773 4 10
754 776 7 6
776 754 7 6
756 777 20 9
777 756 20 9
757 778 22 5
778 757 22 5
758 779 22 2
779 758 22 2
759 780 23 1
780 759 23 1
760 781 22 2
781 760 22 2
761 782 6 2
782 761 6 2
782 783 11 2
783 782 11 2
783 784 3 10
784 783 3 10
785 786 5 10
786 785 5 10
786 787 5 2
787 786 5 2
787 788 5 9
788 787 5 9
788 783 5 14
783 788 5 14
788 781 5 14
781 788 5 14
781 780 5 4
780 781 5 4
780 779 6 9
779 780 6 9
779 778 4 2
778 779 4 2
778 777 5 6
777 778 5 6
777 789 5 9
789 777 5 9
789 787 25 3
787 789 25 3
786 790 26 1
790 786 26 1
790 789 5 10
789 790 5 10
777 791 8 12
791 777 8 12
791 792 5 10
792 791 5 10
792 789 8 10
789 792 8 10
791 793 11 12
793 791 11 12
794 792 15 12
792 794 15 12
790 795 8 14
795 790 8 14
795 792 5 1
792 795 5 1
795 796 17 2
796 795 17 2
796 794 5 7
794 796 5 7
793 797 4 7
797 793 4 7
797 798 10 10
798 797 10 10
798 799 6 2
799 798 6 2
799 800 7 12
800 799 7 12
800 801 4 10
801 800 4 10
801 802 7 14
802 801 7 14
802 797 6 3
797 802 6 3
802 803 3 7
803 802 3 7
803 804 6 10
804 803 6 10
804 805 6 9
805 804 6 9
805 806 6 10
806 805 6 10
806 776 5 1
776 806 5 1
746 807 6 0
807 746 6 0
807 808 9 7
808 807 9 7
807 809 6 6
809 807 6 6
809 810 9 8
810 809 9 8
811 812 7 9
812 811 7 9
812 813 9 1
813 812 9 1
813 814 9 4
814 813 9 4
814 815 3 6
815 814 3 6
815 812 4 5
812 815 4 5
811 803 8 4
803 811 8 4
814 816 5 0
816 814 5 0
816 817 2 8
817 816 2 8
752 817 12 2
817 752 12 2
751 818 7 12
818 751 7 12
819 818 6 7
818 819 6 7
820 816 3 5
816 820 3 5
820 801 9 12
801 820 9 12
790 821 5 8
821 790 5 8
821 822 5 13
822 821 5 13
822 823 4 5
823 822 4 5
823 824 5 10
824 823 5 10
825 826 5 3
826 825 5 3
826 827 6 3
827 826 6 3
827 828 7 6
828 827 7 6
828 829 2 9
829 828 2 9
829 786 4 12
786 829 4 12
831 832 3 10
832 831 3 10
832 825 3 11
825 832 3 11
785 833 4 13
833 785 4 13
833 834 4 1
834 833 4 1
834 835 4 14
835 834 4 14
835 836 5 7
836 835 5 7
835 837 5 6
837 835 5 6
837 838 5 11
838 837 5 11
838 839 4 13
839 838 4 13
839 840 6 4
840 839 6 4
839 841 12 0
841 839 12 0
842 843 6 9
843 842 6 9
843 844 5 13
844 843 5 13
844 845 5 4
845 844 5 4
842 841 4 7
841 842 4 7
841 846 6 13
846 841 6 13
846 847 5 13
847 846 5 13
847 848 6 9
848 847 6 9
848 849 4 11
849 848 4 11
849 847 6 6
847 849 6 6
849 850 5 11
850 849 5 11
850 839 2 9
839 850 2 9
796 851 5 7
851 796 5 7
851 852 5 0
852 851 5 0
853 854 3 6
854 853 3 6
854 855 8 8
855 854 8 8
855 856 4 10
856 855 4 10
856 824 23 0
824 856 23 0
823 853 31 6
853 823 31 6
852 822 25 13
822 852 25 13
821 851 25 0
851 821 25 0
821 828 22 13
828 821 22 13
822 827 18 1
827 822 18 1
823 826 15 12
826 823 15 12
858 859 25 6
859 858 25 6
859 860 4 2
860 859 4 2
860 861 20 4
861 860 20 4
832 862 2 2
862 832 2 2
862 861 10 10
861 862 10 10
862 858 4 10
858 862 4 10
859 863 12 8
863 859 12 8
863 864 6 9
864 863 6 9
857 863 12 11
863 857 12 11
866 857 11 2
857 866 11 2
867 868 12 0
868 867 12 0
868 864 7 13
864 868 7 13
869 855 8 10
855 869 8 10
854 870 11 5
870 854 11 5
870 871 8 0
871 870 8 0
871 872 6 2
872 871 6 2
874 713 8 7
713 874 8 7
798 875 11 3
875 798 11 3
875 876 5 5
876 875 5 5
876 877 12 8
877 876 12 8
877 878 1 8
878 877 1 8
878 799 4 7
799 878 4 7
876 879 6 5
879 876 6 5
879 880 6 9
880 879 6 9
880 881 15 6
881 880 15 6
881 882 11 14
882 881 11 14
882 880 7 5
880 882 7 5
882 883 3 4
883 882 3 4
883 884 5 12
884 883 5 12
884 885 11 1
885 884 11 1
887 881 13 3
881 887 13 3
887 800 9 0
800 887 9 0
888 889 4 2
889 888 4 2
891 865 19 11
865 891 19 11
848 892 9 13
892 848 9 13
892 893 6 1
893 892 6 1
893 894 3 8
894 893 3 8
894 895 11 6
895 894 11 6
895 896 7 12
896 895 7 12
896 897 7 0
897 896 7 0
893 898 37 5
898 893 37 5
894 899 7 9
899 894 7 9
899 900 21 0
900 899 21 0
900 901 8 2
901 900 8 2
901 902 6 3
902 901 6 3
902 903 5 14
903 902 5 14
903 904 15 12
904 903 15 12
905 906 17 12
906 905 17 12
905 907 5 0
907 905 5 0
907 899 5 13
899 907 5 13
908 909 5 8
909 908 5 8
907 910 18 13
910 907 18 13
910 902 12 13
902 910 12 13
312 911 27 2
911 312 27 2
911 912 4 13
912 911 4 13
912 913 14 3
913 912 14 3
913 914 6 1
914 913 6 1
911 915 12 6
915 911 12 6
915 916 7 7
916 915 7 7
916 917 5 13
917 916 5 13
917 918 15 12
918 917 15 12
919 920 9 14
920 919 9 14
921 922 5 9
922 921 5 9
922 923 14 12
923 922 14 12
923 924 3 8
924 923 3 8
924 925 13 11
925 924 13 11
925 922 4 0
922 925 4 0
925 455 4 2
455 925 4 2
920 926 9 8
926 920 9 8
926 927 4 10
927 926 4 10
926 928 3 12
928 926 3 12
928 929 5 3
929 928 5 3
928 930 3 0
930 928 3 0
930 931 4 4
931 930 4 4
930 932 3 9
932 930 3 9
932 933 6 12
933 932 6 12
933 934 4 5
934 933 4 5
933 935 3 8
935 933 3 8
935 923 9 6
923 935 9 6
935 936 8 4
936 935 8 4
936 937 5 1
937 936 5 1
937 938 9 14
938 937 9 14
937 939 9 1
939 937 9 1
939 940 5 8
940 939 5 8
939 941 5 3
941 939 5 3
941 942 4 14
942 941 4 14
942 943 6 1
943 942 6 1
943 944 5 6
944 943 5 6
943 945 3 12
945 943 3 12
945 946 4 1
946 945 4 1
946 947 7 6
947 946 7 6
947 948 17 13
948 947 17 13
948 453 4 2
453 948 4 2
948 949 5 3
949 948 5 3
949 950 8 0
950 949 8 0
950 613 4 10
613 950 4 10
949 951 16 2
951 949 16 2
951 952 11 7
952 951 11 7
951 953 7 13
953 951 7 13
953 954 5 8
954 953 5 8
953 955 3 9
955 953 3 9
955 956 6 0
956 955 6 0
955 957 2 14
957 955 2 14
957 958 10 4
958 957 10 4
957 959 3 14
959 957 3 14
959 960 13 5
960 959 13 5
960 961 13 2
961 960 13 2
961 962 3 6
962 961 3 6
964 965 6 2
965 964 6 2
965 966 6 3
966 965 6 3
967 968 3 10
968 967 3 10
613 969 4 12
969 613 4 12
969 968 11 0
968 969 11 0
969 612 5 0
612 969 5 0
950 967 9 1
967 950 9 1
941 970 14 13
970 941 14 13
970 971 5 9
971 970 5 9
971 972 6 5
972 971 6 5
970 973 31 3
973 970 31 3
973 974 31 14
974 973 31 14
976 977 8 7
977 976 8 7
976 959 9 3
959 976 9 3
960 978 11 9
978 960 11 9
978 979 4 3
979 978 4 3
979 980 8 12
980 979 8 12
980 981 6 4
981 980 6 4
981 978 6 14
978 981 6 14
982 983 7 9
983 982 7 9
983 984 4 1
984 983 4 1
987 982 4 9
982 987 4 9
989 990 6 2
990 989 6 2
990 991 18 2
991 990 18 2
990 992 8 8
992 990 8 8
993 994 21 7
994 993 21 7
995 996 9 12
996 995 9 12
997 998 4 0
998 997 4 0
999 1000 2 1
1000 999 2 1
999 1001 24 14
1001 999 24 14
1001 1002 1 12
1002 1001 1 12
1002 1003 3 4
1003 1002 3 4
986 1004 8 1
1004 986 8 1
1004 1005 10 3
1005 1004 10 3
1006 1007 7 11
1007 1006 7 11
1007 1008 3 3
1008 1007 3 3
1008 1009 3 12
1009 1008 3 12
1009 1010 4 6
1010 1009 4 6
1009 1011 4 12
1011 1009 4 12
1011 1012 8 7
1012 1011 8 7
1012 1013 5 9
1013 1012 5 9
1008 1014 8 9
1014 1008 8 9
1007 1015 3 10
1015 1007 3 10
1006 1016 6 1
1016 1006 6 1
1005 1018 4 7
1018 1005 4 7
1017 1019 6 5
1019 1017 6 5
1019 1020 6 9
1020 1019 6 9
1021 1022 4 8
1022 1021 4 8
1023 1024 2 3
1024 1023 2 3
1024 1025 1 3
1025 1024 1 3
1025 1026 11 2
1026 1025 11 2
1026 1027 7 10
1027 1026 7 10
1028 1029 9 2
1029 1028 9 2
1028 1030 7 12
1030 1028 7 12
1030 1031 8 8
1031 1030 8 8
1030 1032 5 3
1032 1030 5 3
1032 1033 8 7
1033 1032 8 7
1034 1035 13 6
1035 1034 13 6
1035 1036 4 11
1036 1035 4 11
1036 1037 12 9
1037 1036 12 9
1037 1038 3 13
1038 1037 3 13
1037 1034 3 2
1034 1037 3 2
987 1039 18 13
1039 987 18 13
1020 1041 10 8
1041 1020 10 8
1041 1042 6 6
1042 1041 6 6
1041 1025 9 14
1025 1041 9 14
1026 1043 10 14
1043 1026 10 14
1027 1044 5 4
1044 1027 5 4
1044 1045 6 0
1045 1044 6 0
1045 1046 14 1
1046 1045 14 1
1046 1047 5 6
1047 1046 5 6
1047 1049 5 3
1049 1047 5 3
1017 1050 9 0
1050 1017 9 0
1050 1051 10 9
1051 1050 10 9
1051 1052 7 4
1052 1051 7 4
1051 1053 2 8
1053 1051 2 8
1054 1050 7 13
1050 1054 7 13
1054 1055 9 8
1055 1054 9 8
1055 1056 6 5
1056 1055 6 5
1056 1057 6 7
1057 1056 6 7
1055 1058 7 8
1058 1055 7 8
1019 1059 6 4
1059 1019 6 4
1021 1060 3 8
1060 1021 3 8
1060 1061 9 7
1061 1060 9 7
1060 986 6 3
986 1060 6 3
1062 1063 9 2
1063 1062 9 2
1063 1064 39 10
1064 1063 39 10
1066 1067 25 12
1067 1066 25 12
1067 1068 12 6
1068 1067 12 6
1068 1069 8 4
1069 1068 8 4
1069 1070 48 13
1070 1069 48 13
1070 1071 16 6
1071 1070 16 6
1071 1072 6 14
1072 1071 6 14
1073 1074 6 14
1074 1073 6 14
1074 1075 22 8
1075 1074 22 8
1075 1076 5 9
1076 1075 5 9
1076 1077 9 4
1077 1076 9 4
1078 1079 5 7
1079 1078 5 7
1080 1081 10 5
1081 1080 10 5
1082 1083 7 13
1083 1082 7 13
1084 1085 4 13
1085 1084 4 13
1085 1086 5 11
1086 1085 5 11
1086 1087 5 8
1087 1086 5 8
1087 1088 4 4
1088 1087 4 4
1088 1089 5 7
1089 1088 5 7
1089 1090 4 14
1090 1089 4 14
1090 1091 3 14
1091 1090 3 14
1091 1092 16 10
1092 1091 16 10
1093 1094 7 12
1094 1093 7 12
1094 1095 7 3
1095 1094 7 3
1096 1097 24 12
1097 1096 24 12
1098 1099 10 12
1099 1098 10 12
1098 1101 16 6
1101 1098 16 6
1099 1102 14 13
1102 1099 14 13
1102 1103 11 5
1103 1102 11 5
1103 1104 12 3
1104 1103 12 3
1104 1105 12 12
1105 1104 12 12
1106 1107 6 9
1107 1106 6 9
1107 1108 6 11
1108 1107 6 11
1109 1103 17 4
1103 1109 17 4
1102 1110 5 3
1110 1102 5 3
1110 1095 35 11
1095 1110 35 11
1094 1111 29 0
1111 1094 29 0
1112 1111 8 4
1111 1112 8 4
1111 1110 11 14
1110 1111 11 14
1113 1114 5 11
1114 1113 5 11
1114 1115 5 1
1115 1114 5 1
1115 1116 5 11
1116 1115 5 11
1116 1079 5 11
1079 1116 5 11
1079 1117 12 8
1117 1079 12 8
1078 1118 13 12
1118 1078 13 12
1116 1119 17 0
1119 1116 17 0
1115 1120 13 9
1120 1115 13 9
1114 1121 16 9
1121 1114 16 9
1113 1122 12 13
1122 1113 12 13
1076 1123 6 10
1123 1076 6 10
1123 1124 6 1
1124 1123 6 1
1124 1125 3 4
1125 1124 3 4
1125 1123 6 5
1123 1125 6 5
1125 1126 4 6
1126 1125 4 6
1126 1127 4 8
1127 1126 4 8
1127 1128 4 11
1128 1127 4 11
1127 1129 2 14
1129 1127 2 14
1124 1130 7 2
1130 1124 7 2
1130 1131 6 3
1131 1130 6 3
1130 1132 8 1
1132 1130 8 1
1132 1133 5 7
1133 1132 5 7
1134 1135 6 0
1135 1134 6 0
1135 1136 8 7
1136 1135 8 7
1136 1137 7 1
1137 1136 7 1
1137 1138 8 13
1138 1137 8 13
1138 1135 7 3
1135 1138 7 3
1138 1139 4 9
1139 1138 4 9
1139 1140 3 9
1140 1139 3 9
1140 1141 9 10
1141 1140 9 10
1141 1142 3 9
1142 1141 3 9
1077 1143 10 4
1143 1077 10 4
1143 1144 9 5
1144 1143 9 5
1146 1147 3 1
1147 1146 3 1
1081 1148 12 14
1148 1081 12 14
995 1152 2 10
1152 995 2 10
1153 1154 5 9
1154 1153 5 9
1154 1155 8 5
1155 1154 8 5
1155 1156 19 2
1156 1155 19 2
1156 1157 5 10
1157 1156 5 10
1157 1154 28 12
1154 1157 28 12
1157 1158 18 7
1158 1157 18 7
1158 1159 14 2
1159 1158 14 2
1160 1161 11 3
1161 1160 11 3
1163 1167 14 1
1167 1163 14 1
1168 1169 6 13
1169 1168 6 13
1168 1164 21 9
1164 1168 21 9
1164 1170 4 14
1170 1164 4 14
1170 1171 12 13
1171 1170 12 13
1172 1173 6 10
1173 1172 6 10
1173 1174 16 6
1174 1173 16 6
1175 1176 2 12
1176 1175 2 12
1176 1177 7 2
1177 1176 7 2
1177 1178 7 9
1178 1177 7 9
1179 1180 18 3
1180 1179 18 3
1180 1177 4 7
1177 1180 4 7
1180 1158 3 6
1158 1180 3 6
1176 1181 10 2
1181 1176 10 2
1182 1183 6 8
1183 1182 6 8
1183 1184 7 10
1184 1183 7 10
1183 1185 5 13
1185 1183 5 13
1185 1186 10 3
1186 1185 10 3
1187 1188 11 5
1188 1187 11 5
1188 1189 4 4
1189 1188 4 4
1188 1190 16 0
1190 1188 16 0
1190 1191 5 12
1191 1190 5 12
1191 1187 8 0
1187 1191 8 0
1191 1192 3 4
1192 1191 3 4
1192 1193 5 11
1193 1192 5 11
1190 1194 4 11
1194 1190 4 11
1194 1195 3 11
1195 1194 3 11
1196 1197 8 1
1197 1196 8 1
1197 1198 3 5
1198 1197 3 5
1198 1199 6 7
1199 1198 6 7
1194 1200 18 12
1200 1194 18 12
1200 1189 4 9
1189 1200 4 9
1189 1182 20 13
1182 1189 20 13
1182 1201 4 4
1201 1182 4 4
1201 1202 3 12
1202 1201 3 12
1202 1203 4 7
1203 1202 4 7
1203 1204 4 13
1204 1203 4 13
1198 1205 3 14
1205 1198 3 14
1205 1203 5 5
1203 1205 5 5
1201 1206 7 5
1206 1201 7 5
1206 1207 7 1
1207 1206 7 1
1207 1197 4 10
1197 1207 4 10
1182 1208 9 8
1208 1182 9 8
1208 1210 18 1
1210 1208 18 1
1210 1211 11 12
1211 1210 11 12
1211 1209 8 3
1209 1211 8 3
1209 1212 14 0
1212 1209 14 0
1212 1213 6 5
1213 1212 6 5
1214 1215 6 3
1215 1214 6 3
1215 1216 6 1
1216 1215 6 1
1214 1217 10 0
1217 1214 10 0
1217 1218 15 8
1218 1217 15 8
1218 1219 4 6
1219 1218 4 6
1219 1220 8 6
1220 1219 8 6
1220 1221 9 8
1221 1220 9 8
1221 1222 6 2
1222 1221 6 2
1222 1223 5 3
1223 1222 5 3
1223 1224 14 0
1224 1223 14 0
1224 1225 12 6
1225 1224 12 6
1222 1226 7 6
1226 1222 7 6
1223 1227 4 3
1227 1223 4 3
1227 1218 14 0
1218 1227 14 0
1227 1228 6 0
1228 1227 6 0
1228 1229 14 6
1229 1228 14 6
1229 1230 7 14
1230 1229 7 14
1232 1233 4 5
1233 1232 4 5
1233 1234 5 7
1234 1233 5 7
1234 1235 10 11
1235 1234 10 11
1234 1236 8 5
1236 1234 8 5
1237 1231 17 10
1231 1237 17 10
1237 1238 3 6
1238 1237 3 6
1237 1239 10 5
1239 1237 10 5
1239 1240 8 13
1240 1239 8 13
1240 1241 6 4
1241 1240 6 4
1241 1242 5 13
1242 1241 5 13
1242 1243 6 11
1243 1242 6 11
1243 1244 4 0
1244 1243 4 0
1244 1245 6 9
1245 1244 6 9
1242 1246 8 2
1246 1242 8 2
1246 1040 12 14
1040 1246 12 14
1247 1248 8 6
1248 1247 8 6
1248 1249 10 8
1249 1248 10 8
1249 1250 19 2
1250 1249 19 2
1251 1252 5 10
1252 1251 5 10
1252 1253 7 9
1253 1252 7 9
1253 1254 10 7
1254 1253 10 7
1254 1255 8 0
1255 1254 8 0
1255 1212 10 11
1212 1255 10 11
1254 1256 4 7
1256 1254 4 7
1255 1257 4 14
1257 1255 4 14
1257 1258 4 12
1258 1257 4 12
1257 1259 14 14
1259 1257 14 14
1260 1261 5 12
1261 1260 5 12
1261 1262 11 9
1262 1261 11 9
1261 1259 12 14
1259 1261 12 14
1264 1236 6 9
1236 1264 6 9
1262 1265 12 3
1265 1262 12 3
1262 1266 3 4
1266 1262 3 4
1266 1267 13 3
1267 1266 13 3
1210 1268 7 7
1268 1210 7 7
1268 1269 11 5
1269 1268 11 5
1249 1270 7 10
1270 1249 7 10
1270 1271 6 14
1271 1270 6 14
1248 1272 7 10
1272 1248 7 10
1272 1273 4 6
1273 1272 4 6
1273 1274 6 12
1274 1273 6 12
1275 1276 6 9
1276 1275 6 9
1274 1277 15 0
1277 1274 15 0
1273 1278 14 1
1278 1273 14 1
1273 1279 10 14
1279 1273 10 14
1272 1270 6 4
1270 1272 6 4
1280 1281 6 9
1281 1280 6 9
1281 1282 8 8
1282 1281 8 8
1282 1283 10 2
1283 1282 10 2
1283 1284 24 4
1284 1283 24 4
1285 1286 8 14
1286 1285 8 14
1286 1287 7 2
1287 1286 7 2
1287 1280 25 3
1280 1287 25 3
1281 1286 28 1
1286 1281 28 1
1282 1285 31 6
1285 1282 31 6
1288 1289 3 2
1289 1288 3 2
1289 1290 10 7
1290 1289 10 7
1290 1291 8 8
1291 1290 8 8
1292 1293 8 0
1293 1292 8 0
1293 1062 9 13
1062 1293 9 13
1298 1299 7 5
1299 1298 7 5
1299 1300 3 8
1300 1299 3 8
1305 1303 4 8
1303 1305 4 8
1065 1306 25 11
1306 1065 25 11
1306 1064 12 13
1064 1306 12 13
1307 1308 15 9
1308 1307 15 9
1309 1310 6 6
1310 1309 6 6
1309 1299 13 12
1299 1309 13 12
1309 1311 8 6
1311 1309 8 6
1313 1314 15 1
1314 1313 15 1
1314 1311 7 9
1311 1314 7 9
1315 1316 10 8
1316 1315 10 8
1316 1317 5 5
1317 1316 5 5
1316 1318 4 10
1318 1316 4 10
1318 1319 11 0
1319 1318 11 0
1319 1320 24 0
1320 1319 24 0
1315 1321 4 4
1321 1315 4 4
1314 1322 6 7
1322 1314 6 7
1322 1323 9 13
1323 1322 9 13
1323 1324 25 3
1324 1323 25 3
1322 1325 7 1
1325 1322 7 1
1325 1314 5 2
1314 1325 5 2
1314 1310 13 3
1310 1314 13 3
1310 1326 5 14
1326 1310 5 14
1326 1327 8 2
1327 1326 8 2
1310 1298 14 11
1298 1310 14 11
1325 1328 9 4
1328 1325 9 4
1328 1329 6 7
1329 1328 6 7
1329 1323 17 13
1323 1329 17 13
1329 1330 22 5
1330 1329 22 5
1330 1331 6 8
1331 1330 6 8
1332 1062 4 3
1062 1332 4 3
1332 1333 7 12
1333 1332 7 12
1333 1334 8 2
1334 1333 8 2
688 1335 23 13
1335 688 23 13
1335 1336 9 5
1336 1335 9 5
1336 1337 3 11
1337 1336 3 11
1337 1338 9 5
1338 1337 9 5
1338 1339 3 0
1339 1338 3 0
1337 1340 3 3
1340 1337 3 3
1340 1341 4 10
1341 1340 4 10
1341 1342 17 2
1342 1341 17 2
1342 1343 9 11
1343 1342 9 11
1341 1344 7 7
1344 1341 7 7
1344 1345 14 11
1345 1344 14 11
1340 1346 7 1
1346 1340 7 1
1346 1344 4 0
1344 1346 4 0
1336 1347 6 4
1347 1336 6 4
1346 1347 5 9
1347 1346 5 9
1335 1348 5 3
1348 1335 5 3
1348 1349 4 9
1349 1348 4 9
1349 1347 8 5
1347 1349 8 5
1342 1350 12 4
1350 1342 12 4
1350 1351 12 5
1351 1350 12 5
1351 1352 9 14
1352 1351 9 14
1350 1353 3 13
1353 1350 3 13
1351 1354 10 7
1354 1351 10 7
1354 1331 2 12
1331 1354 2 12
1331 1355 6 6
1355 1331 6 6
1355 1354 5 14
1354 1355 5 14
1313 1356 5 1
1356 1313 5 1
1356 1357 3 7
1357 1356 3 7
1356 1358 14 9
1358 1356 14 9
1358 1359 8 6
1359 1358 8 6
1359 1360 7 7
1360 1359 7 7
1355 1361 10 3
1361 1355 10 3
1361 1362 7 3
1362 1361 7 3
1361 1363 8 13
1363 1361 8 13
1363 1364 6 11
1364 1363 6 11
1363 1365 11 9
1365 1363 11 9
1365 1366 9 12
1366 1365 9 12
1366 1367 21 4
1367 1366 21 4
1363 1368 7 12
1368 1363 7 12
1368 1369 9 6
1369 1368 9 6
1365 1370 32 7
1370 1365 32 7
1307 1371 6 14
1371 1307 6 14
1372 1065 2 1
1065 1372 2 1
1373 1374 10 12
1374 1373 10 12
1373 1375 3 5
1375 1373 3 5
1074 1376 6 3
1376 1074 6 3
1377 1378 8 0
1378 1377 8 0
1068 1379 2 2
1379 1068 2 2
1379 1380 8 8
1380 1379 8 8
1381 1382 4 13
1382 1381 4 13
1383 1384 6 7
1384 1383 6 7
1384 1380 41 2
1380 1384 41 2
1381 1385 8 3
1385 1381 8 3
1385 1379 8 3
1379 1385 8 3
1379 1386 5 3
1386 1379 5 3
1067 1387 8 6
1387 1067 8 6
1387 1388 4 10
1388 1387 4 10
1388 1389 6 10
1389 1388 6 10
1389 1390 7 4
1390 1389 7 4
1388 1391 12 11
1391 1388 12 11
1392 1393 6 6
1393 1392 6 6
1387 1394 7 1
1394 1387 7 1
1394 1395 4 13
1395 1394 4 13
1395 1396 5 10
1396 1395 5 10
1396 1397 4 14
1397 1396 4 14
1381 1398 6 8
1398 1381 6 8
1398 1399 9 6
1399 1398 9 6
1382 1400 6 10
1400 1382 6 10
1400 1401 34 13
1401 1400 34 13
1401 1402 7 12
1402 1401 7 12
1402 1383 9 10
1383 1402 9 10
1401 1403 7 5
1403 1401 7 5
1403 1404 26 3
1404 1403 26 3
1404 1405 2 6
1405 1404 2 6
1405 1406 6 2
1406 1405 6 2
1406 1407 3 7
1407 1406 3 7
1407 1408 5 8
1408 1407 5 8
1408 1409 5 2
1409 1408 5 2
1384 1410 9 7
1410 1384 9 7
1411 1412 5 12
1412 1411 5 12
1411 74 18 4
74 1411 18 4
157 167 9 1
167 157 9 1
61 1413 16 9
1413 61 16 9
1413 57 12 5
57 1413 12 5
904 1414 3 3
1414 904 3 3
1414 1415 5 2
1415 1414 5 2
1415 905 9 6
905 1415 9 6
907 1416 7 6
1416 907 7 6
1416 908 8 5
908 1416 8 5
785 1417 2 7
1417 785 2 7
1417 1418 6 13
1418 1417 6 13
1418 1419 5 0
1419 1418 5 0
1419 784 3 10
784 1419 3 10
1420 828 2 10
828 1420 2 10
838 1421 8 8
1421 838 8 8
1421 842 5 10
842 1421 5 10
843 1422 6 5
1422 843 6 5
837 1422 7 8
1422 837 7 8
1422 1421 5 8
1421 1422 5 8
835 1423 3 13
1423 835 3 13
1423 1424 3 8
1424 1423 3 8
1424 844 12 14
844 1424 12 14
833 1425 5 1
1425 833 5 1
1425 1424 6 3
1424 1425 6 3
1425 845 13 9
845 1425 13 9
831 1426 3 8
1426 831 3 8
1426 1427 2 7
1427 1426 2 7
1427 1428 7 3
1428 1427 7 3
1428 830 7 2
830 1428 7 2
830 833 6 3
833 830 6 3
830 1429 2 7
1429 830 2 7
1429 1420 1 0
1420 1429 1 0
825 1430 11 12
1430 825 11 12
1430 824 2 12
824 1430 2 12
1430 861 5 12
861 1430 5 12
755 776 4 11
776 755 4 11
793 1431 5 11
1431 793 5 11
1431 794 3 4
794 1431 3 4
852 1432 4 3
1432 852 4 3
1432 853 4 7
853 1432 4 7
878 1433 3 7
1433 878 3 7
1433 888 2 12
888 1433 2 12
1433 1434 11 1
1434 1433 11 1
885 1435 6 2
1435 885 6 2
1435 1436 4 12
1436 1435 4 12
1436 886 3 2
886 1436 3 2
887 1437 6 6
1437 887 6 6
1437 886 1 2
886 1437 1 2
872 1438 6 1
1438 872 6 1
1438 1439 8 13
1439 1438 8 13
1439 873 6 10
873 1439 6 10
873 1440 3 7
1440 873 3 7
1440 1441 4 9
1441 1440 4 9
1441 1442 4 11
1442 1441 4 11
1442 1443 12 4
1443 1442 12 4
1443 1444 6 2
1444 1443 6 2
1444 1445 9 10
1445 1444 9 10
1445 874 2 9
874 1445 2 9
820 1446 7 13
1446 820 7 13
1446 1447 5 10
1447 1446 5 10
1447 819 4 5
819 1447 4 5
818 1448 7 8
1448 818 7 8
1448 817 4 0
817 1448 4 0
750 1449 4 13
1449 750 4 13
1449 1450 2 6
1450 1449 2 6
1450 1451 5 8
1451 1450 5 8
1451 1452 3 7
1452 1451 3 7
1452 738 3 11
738 1452 3 11
738 1453 2 3
1453 738 2 3
1453 750 11 10
750 1453 11 10
810 1454 3 8
1454 810 3 8
1454 813 9 2
813 1454 9 2
753 1455 5 9
1455 753 5 9
1455 754 2 12
754 1455 2 12
1455 1456 4 3
1456 1455 4 3
1456 808 7 9
808 1456 7 9
1456 1457 3 12
1457 1456 3 12
1457 1458 5 12
1458 1457 5 12
1458 1459 6 7
1459 1458 6 7
1459 809 5 5
809 1459 5 5
810 1460 4 2
1460 810 4 2
1460 1461 5 2
1461 1460 5 2
1461 1458 3 1
1458 1461 3 1
1457 805 14 14
805 1457 14 14
1461 804 13 8
804 1461 13 8
1460 811 9 4
811 1460 9 4
712 1462 4 1
1462 712 4 1
1462 1463 10 0
1463 1462 10 0
1463 713 3 12
713 1463 3 12
715 1464 4 2
1464 715 4 2
1464 1465 9 5
1465 1464 9 5
1465 714 5 1
714 1465 5 1
734 1466 4 7
1466 734 4 7
1466 715 3 11
715 1466 3 11
716 1467 4 8
1467 716 4 8
1467 715 4 11
715 1467 4 11
716 1468 7 11
1468 716 7 11
1468 717 5 1
717 1468 5 1
726 1469 4 11
1469 726 4 11
1469 732 9 3
732 1469 9 3
1469 728 2 10
728 1469 2 10
732 1470 8 12
1470 732 8 12
1470 733 3 0
733 1470 3 0
733 1471 3 10
1471 733 3 10
1471 1472 2 0
1472 1471 2 0
744 1473 9 4
1473 744 9 4
1473 745 7 7
745 1473 7 7
748 1474 3 14
1474 748 3 14
1474 1475 4 12
1475 1474 4 12
1475 1476 7 14
1476 1475 7 14
1476 749 4 3
749 1476 4 3
749 1477 6 12
1477 749 6 12
1477 752 8 5
752 1477 8 5
736 1478 8 2
1478 736 8 2
1478 1479 4 11
1479 1478 4 11
1479 737 5 3
737 1479 5 3
766 1480 5 6
1480 766 5 6
1480 772 22 6
772 1480 22 6
765 1481 6 3
1481 765 6 3
1481 1482 13 0
1482 1481 13 0
1482 1483 3 12
1483 1482 3 12
1483 1484 4 11
1484 1483 4 11
1484 758 3 2
758 1484 3 2
764 1485 5 10
1485 764 5 10
1485 1486 7 6
1486 1485 7 6
1486 1487 6 4
1487 1486 6 4
1487 759 6 7
759 1487 6 7
763 1488 4 12
1488 763 4 12
1488 1489 6 6
1489 1488 6 6
1489 1490 4 3
1490 1489 4 3
1490 1491 2 7
1491 1490 2 7
1491 760 4 2
760 1491 4 2
761 1492 3 10
1492 761 3 10
1492 1493 3 1
1493 1492 3 1
1493 1494 4 1
1494 1493 4 1
1494 762 4 2
762 1494 4 2
770 767 5 6
767 770 5 6
770 1495 8 11
1495 770 8 11
1495 1496 6 10
1496 1495 6 10
1496 1497 6 9
1497 1496 6 9
1497 771 2 7
771 1497 2 7
715 1498 8 3
1498 715 8 3
1498 1499 11 8
1499 1498 11 8
1499 819 3 14
819 1499 3 14
772 1500 3 6
1500 772 3 6
1500 757 5 5
757 1500 5 5
711 1501 3 13
1501 711 3 13
1501 712 4 11
712 1501 4 11
374 1502 4 6
1502 374 4 6
1502 1503 8 0
1503 1502 8 0
1503 379 5 7
379 1503 5 7
401 379 4 1
379 401 4 1
402 1504 4 4
1504 402 4 4
1504 1505 4 4
1505 1504 4 4
1505 395 9 3
395 1505 9 3
397 1506 4 5
1506 397 4 5
1506 400 3 3
400 1506 3 3
1506 384 6 7
384 1506 6 7
386 1507 8 12
1507 386 8 12
1507 385 1 9
385 1507 1 9
1507 392 3 11
392 1507 3 11
383 1508 3 8
1508 383 3 8
1508 382 3 12
382 1508 3 12
410 1509 3 8
1509 410 3 8
374 1510 3 8
1510 374 3 8
1510 1502 4 11
1502 1510 4 11
1510 1511 5 11
1511 1510 5 11
1511 345 2 6
345 1511 2 6
345 1512 1 12
1512 345 1 12
1512 1511 3 5
1511 1512 3 5
1512 1513 4 14
1513 1512 4 14
1513 1514 4 11
1514 1513 4 11
1513 1515 6 3
1515 1513 6 3
1515 347 1 3
347 1515 1 3
1515 370 11 13
370 1515 11 13
373 1510 11 12
1510 373 11 12
1511 1516 3 7
1516 1511 3 7
1516 375 3 13
375 1516 3 13
287 1517 27 0
1517 287 27 0
1517 264 20 1
264 1517 20 1
375 1518 9 5
1518 375 9 5
1518 1519 16 5
1519 1518 16 5
1519 336 9 1
336 1519 9 1
304 1520 5 0
1520 304 5 0
1520 301 9 10
301 1520 9 10
224 1521 2 3
1521 224 2 3
1521 1522 8 4
1522 1521 8 4
1522 1523 8 6
1523 1522 8 6
1523 264 3 7
264 1523 3 7
265 1521 3 10
1521 265 3 10
269 1524 4 6
1524 269 4 6
1524 1525 2 14
1525 1524 2 14
1525 268 2 0
268 1525 2 0
270 1526 7 4
1526 270 7 4
276 1527 5 8
1527 276 5 8
1527 1528 5 0
1528 1527 5 0
1528 273 2 8
273 1528 2 8
1528 272 3 1
272 1528 3 1
309 1529 16 7
1529 309 16 7
1529 307 7 3
307 1529 7 3
275 1530 7 10
1530 275 7 10
1530 1527 8 6
1527 1530 8 6
309 1531 6 9
1531 309 6 9
1531 1532 11 14
1532 1531 11 14
1532 311 6 13
311 1532 6 13
313 1533 4 7
1533 313 4 7
1533 314 15 2
314 1533 15 2
503 1534 3 5
1534 503 3 5
1534 313 8 6
313 1534 8 6
503 1535 6 1
1535 503 6 1
1535 1536 8 4
1536 1535 8 4
1536 277 4 5
277 1536 4 5
277 1537 10 1
1537 277 10 1
1537 1538 7 9
1538 1537 7 9
129 1539 11 3
1539 129 11 3
1539 143 7 6
143 1539 7 6
1539 128 3 5
128 1539 3 5
125 1540 3 10
1540 125 3 10
1540 1541 4 12
1541 1540 4 12
1541 126 3 11
126 1541 3 11
127 1542 2 7
1542 127 2 7
1542 126 3 2
126 1542 3 2
283 1543 5 3
1543 283 5 3
1543 184 2 5
184 1543 2 5
280 1544 6 5
1544 280 6 5
1544 281 17 5
281 1544 17 5
237 1545 4 11
1545 237 4 11
1545 1546 3 9
1546 1545 3 9
1546 238 8 10
238 1546 8 10
237 1547 6 3
1547 237 6 3
1547 278 16 11
278 1547 16 11
544 1548 9 7
1548 544 9 7
1548 204 5 11
204 1548 5 11
204 1549 4 14
1549 204 4 14
1549 1550 1 3
1550 1549 1 3
1550 1551 4 14
1551 1550 4 14
1551 1552 2 8
1552 1551 2 8
1552 1553 6 14
1553 1552 6 14
1553 203 7 3
203 1553 7 3
1553 1554 7 5
1554 1553 7 5
1554 205 5 0
205 1554 5 0
1549 1555 7 6
1555 1549 7 6
507 1556 2 2
1556 507 2 2
1556 1555 2 9
1555 1556 2 9
207 1557 10 2
1557 207 10 2
1557 1558 3 6
1558 1557 3 6
1558 1559 4 9
1559 1558 4 9
1559 1560 6 2
1560 1559 6 2
1557 206 8 7
206 1557 8 7
548 1561 5 1
1561 548 5 1
1561 1562 2 7
1562 1561 2 7
1562 1563 2 5
1563 1562 2 5
1563 1564 2 0
1564 1563 2 0
1564 1565 5 0
1565 1564 5 0
1565 1566 4 8
1566 1565 4 8
207 1566 3 3
1566 207 3 3
1566 549 3 10
549 1566 3 10
39 1567 5 4
1567 39 5 4
1567 1568 10 11
1568 1567 10 11
1568 207 9 0
207 1568 9 0
173 1569 4 0
1569 173 4 0
1569 1570 7 3
1570 1569 7 3
1570 172 5 14
172 1570 5 14
159 1569 3 7
1569 159 3 7
36 1571 6 9
1571 36 6 9
1571 25 7 9
25 1571 7 9
168 1572 2 1
1572 168 2 1
1572 26 3 14
26 1572 3 14
26 1573 2 13
1573 26 2 13
1573 168 2 7
168 1573 2 7
1573 1574 4 14
1574 1573 4 14
1574 27 2 12
27 1574 2 12
1574 171 13 7
171 1574 13 7
29 1575 4 8
1575 29 4 8
1575 28 6 4
28 1575 6 4
29 1576 3 1
1576 29 3 1
1576 1577 2 10
1577 1576 2 10
1577 30 6 4
30 1577 6 4
1576 35 8 14
35 1576 8 14
1577 1578 7 5
1578 1577 7 5
1578 35 2 9
35 1578 2 9
1578 1579 14 6
1579 1578 14 6
1579 34 2 3
34 1579 2 3
1579 33 7 3
33 1579 7 3
64 1580 5 1
1580 64 5 1
1580 1581 4 5
1581 1580 4 5
1581 1582 8 5
1582 1581 8 5
1582 1579 18 11
1579 1582 18 11
125 1583 2 13
1583 125 2 13
1583 148 5 5
148 1583 5 5
1583 147 6 8
147 1583 6 8
1582 1584 7 13
1584 1582 7 13
1584 65 1 10
65 1584 1 10
1584 33 18 9
33 1584 18 9
1582 64 2 1
64 1582 2 1
99 1581 13 4
1581 99 13 4
73 1585 6 12
1585 73 6 12
1585 1586 2 4
1586 1585 2 4
1586 1587 3 11
1587 1586 3 11
1587 1588 2 3
1588 1587 2 3
92 1589 12 9
1589 92 12 9
1589 91 5 6
91 1589 5 6
119 1590 4 4
1590 119 4 4
1590 123 8 8
123 1590 8 8
118 1591 5 4
1591 118 5 4
1591 103 8 4
103 1591 8 4
217 230 10 9
230 217 10 9
140 1592 3 7
1592 140 3 7
1592 1593 8 13
1593 1592 8 13
1593 130 3 3
130 1593 3 3
130 1594 5 13
1594 130 5 13
1594 129 6 0
129 1594 6 0
130 1595 5 3
1595 130 5 3
1595 1596 2 12
1596 1595 2 12
1596 1597 2 2
1597 1596 2 2
1597 1598 2 13
1598 1597 2 13
1598 1599 2 4
1599 1598 2 4
1599 1600 2 10
1600 1599 2 10
1600 131 7 6
131 1600 7 6
86 1601 11 6
1601 86 11 6
1601 1602 7 2
1602 1601 7 2
1602 1603 7 6
1603 1602 7 6
1603 1604 3 14
1604 1603 3 14
1604 87 6 0
87 1604 6 0
84 1605 5 0
1605 84 5 0
1605 1606 15 12
1606 1605 15 12
1606 85 8 0
85 1606 8 0
85 1607 8 11
1607 85 8 11
1607 1608 3 2
1608 1607 3 2
1608 1609 4 14
1609 1608 4 14
1609 1610 3 14
1610 1609 3 14
1610 1611 9 1
1611 1610 9 1
1611 1612 4 2
1612 1611 4 2
1612 1613 5 6
1613 1612 5 6
1613 1412 8 14
1412 1613 8 14
30 1614 2 3
1614 30 2 3
1614 1615 6 4
1615 1614 6 4
1614 74 11 2
74 1614 11 2
31 1616 7 11
1616 31 7 11
1616 1617 4 1
1617 1616 4 1
1617 1618 2 1
1618 1617 2 1
1618 1615 2 8
1615 1618 2 8
15 1619 4 8
1619 15 4 8
1619 1620 8 5
1620 1619 8 5
1620 4 5 0
4 1620 5 0
40 1621 3 3
1621 40 3 3
1621 43 8 2
43 1621 8 2
1621 38 4 14
38 1621 4 14
23 1622 11 3
1622 23 11 3
1622 44 8 13
44 1622 8 13
23 1623 3 1
1623 23 3 1
1623 1624 7 14
1624 1623 7 14
1624 1625 12 0
1625 1624 12 0
1625 11 7 9
11 1625 7 9
1623 1626 4 14
1626 1623 4 14
1626 1627 10 10
1627 1626 10 10
1627 45 11 5
45 1627 11 5
45 1628 2 2
1628 45 2 2
1628 1629 7 2
1629 1628 7 2
1629 1630 6 8
1630 1629 6 8
1630 1631 6 5
1631 1630 6 5
1631 46 3 12
46 1631 3 12
46 1632 8 3
1632 46 8 3
1632 1633 7 6
1633 1632 7 6
1633 47 3 7
47 1633 3 7
437 1634 11 9
1634 437 11 9
1634 1635 5 13
1635 1634 5 13
1635 1636 6 3
1636 1635 6 3
1636 1637 5 11
1637 1636 5 11
1637 1638 3 12
1638 1637 3 12
1638 47 9 1
47 1638 9 1
436 1639 5 10
1639 436 5 10
436 1640 3 11
1640 436 3 11
578 1641 2 1
1641 578 2 1
1641 1642 9 2
1642 1641 9 2
1641 1643 4 7
1643 1641 4 7
1643 1644 3 2
1644 1643 3 2
1641 1645 4 8
1645 1641 4 8
1645 1643 1 13
1643 1645 1 13
1645 1646 3 8
1646 1645 3 8
1646 1647 9 3
1647 1646 9 3
1647 443 7 5
443 1647 7 5
1646 1648 9 3
1648 1646 9 3
1648 1649 9 7
1649 1648 9 7
1649 1650 4 13
1650 1649 4 13
1649 437 25 3
437 1649 25 3
1649 438 8 4
438 1649 8 4
51 1651 2 11
1651 51 2 11
1651 50 6 11
50 1651 6 11
50 1652 5 5
1652 50 5 5
1652 1653 2 13
1653 1652 2 13
1653 1654 2 9
1654 1653 2 9
1654 61 8 14
61 1654 8 14
1652 1655 2 11
1655 1652 2 11
1655 49 3 4
49 1655 3 4
44 1656 6 9
1656 44 6 9
1656 1657 5 2
1657 1656 5 2
1657 577 8 1
577 1657 8 1
573 1658 6 12
1658 573 6 12
1658 1659 7 4
1659 1658 7 4
1659 572 2 11
572 1659 2 11
574 1660 8 1
1660 574 8 1
1660 1658 7 10
1658 1660 7 10
564 1661 7 10
1661 564 7 10
1661 1662 9 14
1662 1661 9 14
1662 566 5 1
566 1662 5 1
566 1663 4 11
1663 566 4 11
1663 1664 7 11
1664 1663 7 11
1664 1665 7 2
1665 1664 7 2
1665 1666 4 1
1666 1665 4 1
1666 1667 1 10
1667 1666 1 10
1667 1668 6 5
1668 1667 6 5
1668 1669 8 2
1669 1668 8 2
569 1670 1 5
1670 569 1 5
1670 1671 9 9
1671 1670 9 9
1671 570 1 5
570 1671 1 5
1671 1672 2 0
1672 1671 2 0
1672 1666 4 1
1666 1672 4 1
1672 1673 4 6
1673 1672 4 6
1673 1674 5 1
1674 1673 5 1
571 1675 5 12
1675 571 5 12
1675 1674 1 10
1674 1675 1 10
1675 1676 2 8
1676 1675 2 8
1676 572 15 11
572 1676 15 11
1675 1677 4 6
1677 1675 4 6
1677 1678 9 11
1678 1677 9 11
1678 1679 7 9
1679 1678 7 9
1679 579 3 2
579 1679 3 2
579 1680 4 6
1680 579 4 6
1680 1681 5 4
1681 1680 5 4
1681 1682 9 9
1682 1681 9 9
1682 1674 4 13
1674 1682 4 13
1674 1683 4 3
1683 1674 4 3
558 1684 9 7
1684 558 9 7
1684 593 8 14
593 1684 8 14
695 1685 6 7
1685 695 6 7
1685 696 10 12
696 1685 10 12
598 1686 16 2
1686 598 16 2
1686 1687 7 7
1687 1686 7 7
1687 599 17 4
599 1687 17 4
701 1688 4 12
1688 701 4 12
1688 702 13 2
702 1688 13 2
601 1689 6 9
1689 601 6 9
1689 602 2 2
602 1689 2 2
1689 462 14 1
462 1689 14 1
465 1690 3 8
1690 465 3 8
1690 1691 10 0
1691 1690 10 0
1691 1692 8 3
1692 1691 8 3
1692 458 1 1
458 1692 1 1
1692 456 3 5
456 1692 3 5
451 1693 2 1
1693 451 2 1
1693 1694 11 1
1694 1693 11 1
1694 610 4 3
610 1694 4 3
451 1695 5 10
1695 451 5 10
1695 1696 4 0
1696 1695 4 0
1696 440 10 14
440 1696 10 14
457 1697 3 7
1697 457 3 7
1697 446 11 1
446 1697 11 1
1698 455 1 6
455 1698 1 6
1698 454 13 8
454 1698 13 8
600 1699 6 8
1699 600 6 8
1699 1700 4 9
1700 1699 4 9
1700 919 5 0
919 1700 5 0
920 1701 2 13
1701 920 2 13
1701 1702 4 7
1702 1701 4 7
1702 1703 2 3
1703 1702 2 3
1703 921 3 6
921 1703 3 6
945 1704 9 0
1704 945 9 0
1704 1705 3 9
1705 1704 3 9
1705 1706 8 5
1706 1705 8 5
1706 453 6 6
453 1706 6 6
453 1704 11 8
1704 453 11 8
936 1707 9 5
1707 936 9 5
1707 1698 8 12
1698 1707 8 12
976 1708 6 8
1708 976 6 8
1708 1709 8 3
1709 1708 8 3
1709 1710 7 8
1710 1709 7 8
1710 975 6 8
975 1710 6 8
974 1711 12 11
1711 974 12 11
1711 1712 7 0
1712 1711 7 0
1712 975 12 0
975 1712 12 0
975 1713 3 12
1713 975 3 12
1713 1714 9 11
1714 1713 9 11
1714 1715 4 12
1715 1714 4 12
1715 983 5 12
983 1715 5 12
981 1716 7 13
1716 981 7 13
1716 1717 10 1
1717 1716 10 1
1717 1718 3 1
1718 1717 3 1
1718 1719 2 5
1719 1718 2 5
963 1719 5 8
1719 963 5 8
1716 982 37 9
982 1716 37 9
967 961 8 5
961 967 8 5
962 1720 3 7
1720 962 3 7
1720 1721 3 14
1721 1720 3 14
1721 1722 2 4
1722 1721 2 4
1722 1723 3 13
1723 1722 3 13
1723 1724 2 11
1724 1723 2 11
1724 1725 30 2
1725 1724 30 2
1725 963 12 14
963 1725 12 14
962 1724 3 12
1724 962 3 12
1722 1726 4 4
1726 1722 4 4
1726 1727 4 3
1727 1726 4 3
1727 964 6 2
964 1727 6 2
966 1728 5 11
1728 966 5 11
1728 1729 4 13
1729 1728 4 13
1729 1730 1 4
1730 1729 1 4
1730 1731 2 0
1731 1730 2 0
1731 1732 13 12
1732 1731 13 12
1732 1733 2 5
1733 1732 2 5
1020 1734 1 13
1734 1020 1 13
1734 1735 3 8
1735 1734 3 8
1735 1736 3 8
1736 1735 3 8
1736 1737 1 3
1737 1736 1 3
1737 1738 1 13
1738 1737 1 13
1738 1739 2 0
1739 1738 2 0
1739 1740 19 11
1740 1739 19 11
1740 1741 1 1
1741 1740 1 1
1741 1023 1 4
1023 1741 1 4
1021 1742 4 2
1742 1021 4 2
1742 1734 5 12
1734 1742 5 12
1054 1743 11 14
1743 1054 11 14
1743 1744 2 11
1744 1743 2 11
1744 1053 2 6
1053 1744 2 6
1027 1745 2 10
1745 1027 2 10
1745 1028 7 11
1028 1745 7 11
1049 1746 4 14
1746 1049 4 14
1746 1747 4 3
1747 1746 4 3
1747 1748 3 11
1748 1747 3 11
1748 1749 5 14
1749 1748 5 14
1749 1750 5 4
1750 1749 5 4
1749 1048 4 0
1048 1749 4 0
1164 1751 5 6
1751 1164 5 6
1751 1752 6 4
1752 1751 6 4
1752 1165 8 9
1165 1752 8 9
1165 1753 8 3
1753 1165 8 3
1753 1754 6 7
1754 1753 6 7
1754 1166 8 12
1166 1754 8 12
1039 1755 6 14
1755 1039 6 14
1755 1756 5 4
1756 1755 5 4
1756 1040 7 6
1040 1756 7 6
1165 1757 6 4
1757 1165 6 4
1757 1039 6 0
1039 1757 6 0
1013 1758 5 2
1758 1013 5 2
1758 1759 6 13
1759 1758 6 13
1759 1760 3 5
1760 1759 3 5
1760 1761 2 10
1761 1760 2 10
1015 1762 3 13
1762 1015 3 13
1762 1763 5 14
1763 1762 5 14
1005 1006 6 0
1006 1005 6 0
1006 1764 3 3
1764 1006 3 3
1764 1017 10 6
1017 1764 10 6
986 1765 2 8
1765 986 2 8
1765 987 8 2
987 1765 8 2
1765 1766 3 6
1766 1765 3 6
1766 985 24 3
985 1766 24 3
963 1767 6 2
1767 963 6 2
1767 1768 7 14
1768 1767 7 14
1768 985 3 5
985 1768 3 5
1000 1769 2 7
1769 1000 2 7
1769 1770 5 11
1770 1769 5 11
1769 997 3 1
997 1769 3 1
997 1771 8 5
1771 997 8 5
1771 991 2 14
991 1771 2 14
991 1772 7 6
1772 991 7 6
1772 996 5 11
996 1772 5 11
1771 1773 9 6
1773 1771 9 6
1773 989 9 10
989 1773 9 10
989 1774 14 1
1774 989 14 1
1774 1775 8 6
1775 1774 8 6
1775 1776 11 5
1776 1775 11 5
1776 1777 7 6
1777 1776 7 6
1777 1778 9 5
1778 1777 9 5
1778 988 9 11
988 1778 9 11
988 1779 5 12
1779 988 5 12
1779 1780 6 12
1780 1779 6 12
1780 974 2 12
974 1780 2 12
1164 1781 9 0
1781 1164 9 0
1781 1782 18 7
1782 1781 18 7
1782 974 3 6
974 1782 3 6
1003 1783 1 1
1783 1003 1 1
1783 1784 3 12
1784 1783 3 12
1784 1785 3 14
1785 1784 3 14
1785 1786 4 11
1786 1785 4 11
1786 1787 3 8
1787 1786 3 8
1158 1788 2 3
1788 1158 2 3
1788 1160 5 13
1160 1788 5 13
1160 1163 3 2
1163 1160 3 2
1163 1789 3 7
1789 1163 3 7
1789 1162 14 6
1162 1789 14 6
1789 1168 1 10
1168 1789 1 10
1788 1790 11 5
1790 1788 11 5
1175 1791 6 12
1791 1175 6 12
1791 1182 3 4
1182 1791 3 4
1790 1172 5 3
1172 1790 5 3
1172 1792 6 11
1792 1172 6 11
1792 1161 3 7
1161 1792 3 7
1792 1162 4 5
1162 1792 4 5
1219 1793 2 5
1793 1219 2 5
1793 1794 3 1
1794 1793 3 1
1794 1795 7 2
1795 1794 7 2
1795 1175 4 5
1175 1795 4 5
1175 1796 5 3
1796 1175 5 3
1796 1795 2 2
1795 1796 2 2
1795 1797 7 2
1797 1795 7 2
1797 1173 6 13
1173 1797 6 13
1796 1790 7 1
1790 1796 7 1
1174 1798 5 3
1798 1174 5 3
1798 1799 9 0
1799 1798 9 0
1799 1166 6 9
1166 1799 6 9
1166 1800 10 4
1800 1166 10 4
1800 1162 9 1
1162 1800 9 1
1200 1202 16 4
1202 1200 16 4
1201 1208 5 10
1208 1201 5 10
1195 1801 3 11
1801 1195 3 11
1801 1196 13 5
1196 1801 13 5
1208 1802 6 5
1802 1208 6 5
1802 1803 20 10
1803 1802 20 10
1803 1209 7 4
1209 1803 7 4
1214 1804 6 9
1804 1214 6 9
1804 1805 3 6
1805 1804 3 6
1805 1213 2 6
1213 1805 2 6
995 1806 4 7
1806 995 4 7
1806 994 11 0
994 1806 11 0
1152 1807 2 4
1807 1152 2 4
1807 1808 3 11
1808 1807 3 11
1808 1153 4 13
1153 1808 4 13
1187 1809 5 10
1809 1187 5 10
1809 1186 11 12
1186 1809 11 12
1032 1810 6 6
1810 1032 6 6
1810 1034 9 1
1034 1810 9 1
1297 1811 8 13
1811 1297 8 13
1811 1296 5 2
1296 1811 5 2
1296 1812 6 2
1812 1296 6 2
1812 1295 2 14
1295 1812 2 14
1295 1813 6 0
1813 1295 6 0
1813 1814 6 12
1814 1813 6 12
1814 1294 9 12
1294 1814 9 12
1294 1815 6 8
1815 1294 6 8
1815 1816 4 1
1816 1815 4 1
1816 1293 2 6
1293 1816 2 6
1290 1817 4 14
1817 1290 4 14
1817 1292 6 10
1292 1817 6 10
1288 1818 5 6
1818 1288 5 6
1818 1819 5 4
1819 1818 5 4
1819 1285 8 1
1285 1819 8 1
1284 1820 2 11
1820 1284 2 11
1820 1285 4 8
1285 1820 4 8
1291 1821 11 11
1821 1291 11 11
1821 1822 3 0
1822 1821 3 0
1822 1063 2 12
1063 1822 2 12
1822 1287 7 10
1287 1822 7 10
1099 1823 11 3
1823 1099 11 3
1823 1100 5 14
1100 1823 5 14
1100 1824 13 10
1824 1100 13 10
1824 1064 8 2
1064 1824 8 2
1105 1825 4 11
1825 1105 4 11
1825 1106 8 6
1106 1825 8 6
1109 1826 3 9
1826 1109 3 9
1826 1827 10 10
1827 1826 10 10
1827 1108 3 1
1108 1827 3 1
1112 1828 6 13
1828 1112 6 13
1828 1093 19 11
1093 1828 19 11
1092 1829 2 2
1829 1092 2 2
1829 1093 2 4
1093 1829 2 4
1144 1830 3 9
1830 1144 3 9
1830 1831 2 2
1831 1830 2 2
1831 1832 5 10
1832 1831 5 10
1832 1096 5 6
1096 1832 5 6
1095 1833 4 4
1833 1095 4 4
1833 1096 4 5
1096 1833 4 5
1142 1834 6 1
1834 1142 6 1
1834 1835 3 12
1835 1834 3 12
1835 1836 3 2
1836 1835 3 2
1836 1837 3 0
1837 1836 3 0
1837 1838 5 12
1838 1837 5 12
1838 1839 4 5
1839 1838 4 5
1839 1065 8 14
1065 1839 8 14
1839 1066 3 14
1066 1839 3 14
1066 1840 4 0
1840 1066 4 0
1840 1838 3 6
1838 1840 3 6
1840 1134 3 0
1134 1840 3 0
1134 1841 14 13
1841 1134 14 13
1841 1842 2 11
1842 1841 2 11
1842 1133 3 4
1133 1842 3 4
1132 1136 11 9
1136 1132 11 9
1078 1843 5 9
1843 1078 5 9
1843 1844 4 6
1844 1843 4 6
1844 1077 8 1
1077 1844 8 1
1843 1845 9 8
1845 1843 9 8
1376 1846 23 4
1846 1376 23 4
1075 1847 3 8
1847 1075 3 8
1847 1846 3 10
1846 1847 3 10
1069 1846 8 12
1846 1069 8 12
1380 1848 4 12
1848 1380 4 12
1848 1381 4 12
1381 1848 4 12
1146 1849 1 1
1849 1146 1 1
1849 1850 6 8
1850 1849 6 8
1850 1851 6 8
1851 1850 6 8
1851 1377 9 10
1377 1851 9 10
1377 1852 3 8
1852 1377 3 8
1852 1072 5 3
1072 1852 5 3
1072 1853 1 8
1853 1072 1 8
1853 1854 12 5
1854 1853 12 5
1854 1074 14 10
1074 1854 14 10
1852 1073 21 3
1073 1852 21 3
1851 1855 5 3
1855 1851 5 3
1850 1856 4 13
1856 1850 4 13
1856 1857 1 4
1857 1856 1 4
1849 1858 3 13
1858 1849 3 13
1853 1859 2 6
1859 1853 2 6
1859 1376 26 0
1376 1859 26 0
1410 1860 5 11
1860 1410 5 11
1860 1861 4 12
1861 1860 4 12
1861 1862 3 1
1862 1861 3 1
1862 1402 10 13
1402 1862 10 13
1383 1863 11 6
1863 1383 11 6
1863 1864 19 1
1864 1863 19 1
1864 1382 3 8
1382 1864 3 8
1400 1865 3 0
1865 1400 3 0
1865 1404 4 7
1404 1865 4 7
1080 1866 8 6
1866 1080 8 6
1866 1147 10 7
1147 1866 10 7
1146 1867 5 2
1867 1146 5 2
1867 1145 5 5
1145 1867 5 5
1274 1868 3 12
1868 1274 3 12
1868 1869 3 11
1869 1868 3 11
1869 1275 2 5
1275 1869 2 5
1260 1870 7 6
1870 1260 7 6
1870 1251 3 0
1251 1870 3 0
1259 1251 5 0
1251 1259 5 0
1251 1871 12 2
1871 1251 12 2
1871 1250 9 5
1250 1871 9 5
1247 1872 13 1
1872 1247 13 1
1872 1873 9 1
1873 1872 9 1
1873 1083 5 1
1083 1873 5 1
1083 1874 7 13
1874 1083 7 13
1874 1875 9 8
1875 1874 9 8
1875 1876 9 14
1876 1875 9 14
1876 1877 5 13
1877 1876 5 13
1877 1878 6 14
1878 1877 6 14
1878 1879 11 1
1879 1878 11 1
1879 1880 3 7
1880 1879 3 7
1880 1881 5 11
1881 1880 5 11
1881 1882 4 7
1882 1881 4 7
1882 1883 5 6
1883 1882 5 6
1883 1884 5 2
1884 1883 5 2
1884 1885 2 5
1885 1884 2 5
1885 1886 4 9
1886 1885 4 9
1886 1084 3 2
1084 1886 3 2
1098 1887 16 11
1887 1098 16 11
1887 1888 6 8
1888 1887 6 8
1888 1097 3 6
1097 1888 3 6
1097 1889 10 8
1889 1097 10 8
1889 1099 14 13
1099 1889 14 13
1082 1890 1 3
1890 1082 1 3
1890 1891 2 0
1891 1890 2 0
1891 1150 5 3
1150 1891 5 3
1082 1892 3 14
1892 1082 3 14
1892 1893 3 3
1893 1892 3 3
1893 1149 4 5
1149 1893 4 5
1151 1894 6 6
1894 1151 6 6
1894 1890 1 3
1890 1894 1 3
1894 1895 10 1
1895 1894 10 1
1895 1081 11 1
1081 1895 11 1
1073 1896 5 14
1896 1073 5 14
1896 1145 8 14
1145 1896 8 14
1145 1897 15 13
1897 1145 15 13
1897 1080 2 8
1080 1897 2 8
1897 1079 2 12
1079 1897 2 12
1390 1898 12 8
1898 1390 12 8
1898 1899 5 6
1899 1898 5 6
1392 1900 3 11
1900 1392 3 11
1900 1901 2 13
1901 1900 2 13
1901 1391 3 0
1391 1901 3 0
1901 1902 8 13
1902 1901 8 13
1391 1903 3 2
1903 1391 3 2
1903 1904 5 11
1904 1903 5 11
1904 1905 1 8
1905 1904 1 8
1905 1906 6 4
1906 1905 6 4
1906 1907 1 5
1907 1906 1 5
1907 1908 4 3
1908 1907 4 3
1908 1902 1 11
1902 1908 1 11
1397 1909 10 10
1909 1397 10 10
1909 1910 3 10
1910 1909 3 10
1910 1911 11 4
1911 1910 11 4
1372 1912 8 14
1912 1372 8 14
1912 1913 2 10
1913 1912 2 10
1913 1914 4 1
1914 1913 4 1
1914 1915 6 12
1915 1914 6 12
1915 1916 3 2
1916 1915 3 2
1916 1917 5 5
1917 1916 5 5
1917 1918 1 12
1918 1917 1 12
1918 1919 2 1
1919 1918 2 1
1919 1920 10 5
1920 1919 10 5
1920 1371 4 1
1371 1920 4 1
1918 1372 10 7
1372 1918 10 7
1914 1373 6 1
1373 1914 6 1
1913 1921 14 13
1921 1913 14 13
1306 1922 2 13
1922 1306 2 13
1922 1307 7 1
1307 1922 7 1
1922 1304 13 2
1304 1922 13 2
1304 1923 3 7
1923 1304 3 7
1923 1308 4 3
1308 1923 4 3
1923 1924 13 9
1924 1923 13 9
1924 1303 8 10
1303 1924 8 10
1304 1925 12 3
1925 1304 12 3
1925 1305 7 9
1305 1925 7 9
1925 1924 4 0
1924 1925 4 0
1334 1926 2 7
1926 1334 2 7
1926 1927 2 12
1927 1926 2 12
1927 1928 12 13
1928 1927 12 13
1928 1929 4 9
1929 1928 4 9
1929 1298 8 4
1298 1929 8 4
686 1930 11 9
1930 686 11 9
1930 1931 7 7
1931 1930 7 7
1931 685 8 13
685 1931 8 13
1062 1932 22 14
1932 1062 22 14
1932 684 13 3
684 1932 13 3
684 1933 3 2
1933 684 3 2
1933 685 9 8
685 1933 9 8
655 1934 6 9
1934 655 6 9
1934 1935 4 1
1935 1934 4 1
1935 1936 1 2
1936 1935 1 2
649 1937 2 8
1937 649 2 8
1937 650 6 3
650 1937 6 3
650 1938 4 13
1938 650 4 13
1938 1939 9 9
1939 1938 9 9
1939 651 4 4
651 1939 4 4
651 1940 3 4
1940 651 3 4
1940 652 13 3
652 1940 13 3
1937 1941 17 10
1941 1937 17 10
1941 1942 11 4
1942 1941 11 4
619 1943 3 14
1943 619 3 14
1943 1941 2 14
1941 1943 2 14
1943 649 17 5
649 1943 17 5
1942 1944 17 1
1944 1942 17 1
1944 1945 8 8
1945 1944 8 8
500 1946 3 12
1946 500 3 12
1946 1947 4 9
1947 1946 4 9
1947 620 8 11
620 1947 8 11
621 1948 5 11
1948 621 5 11
1948 620 6 4
620 1948 6 4
626 1949 8 11
1949 626 8 11
1949 628 7 0
628 1949 7 0
1949 622 2 7
622 1949 2 7
1946 625 4 12
625 1946 4 12
629 635 11 1
635 629 11 1
635 1950 5 12
1950 635 5 12
1950 636 8 9
636 1950 8 9
666 1951 7 14
1951 666 7 14
1951 667 8 8
667 1951 8 8
664 1952 2 6
1952 664 2 6
1952 665 6 3
665 1952 6 3
664 674 4 13
674 664 4 13
676 1953 3 8
1953 676 3 8
1953 1954 14 8
1954 1953 14 8
658 1954 5 4
1954 658 5 4
1954 657 1 13
657 1954 1 13
678 1955 7 11
1955 678 7 11
1955 1956 4 6
1956 1955 4 6
1956 658 1 14
658 1956 1 14
659 1957 5 8
1957 659 5 8
1957 663 4 5
663 1957 4 5
678 1958 6 1
1958 678 6 1
1958 679 6 8
679 1958 6 8
644 1959 12 3
1959 644 12 3
1959 643 3 1
643 1959 3 1
1300 1960 8 2
1960 1300 8 2
1960 1961 3 9
1961 1960 3 9
1961 1962 5 5
1962 1961 5 5
1962 1963 4 8
1963 1962 4 8
1961 1964 2 11
1964 1961 2 11
1964 1965 3 0
1965 1964 3 0
1965 1966 8 5
1966 1965 8 5
1966 1303 6 1
1303 1966 6 1
1924 1967 4 9
1967 1924 4 9
1967 1968 19 8
1968 1967 19 8
1968 1969 8 11
1969 1968 8 11
1969 1309 2 8
1309 1969 2 8
1969 1964 5 11
1964 1969 5 11
1302 1970 4 12
1970 1302 4 12
1970 1301 9 1
1301 1970 9 1
1970 1300 5 0
1300 1970 5 0
1970 1332 15 11
1332 1970 15 11
1301 1971 3 12
1971 1301 3 12
1971 1972 4 1
1972 1971 4 1
1972 1973 2 6
1973 1972 2 6
1973 1974 3 9
1974 1973 3 9
1974 1302 8 10
1302 1974 8 10
1967 1308 14 10
1308 1967 14 10
1315 1322 11 6
1322 1315 11 6
1321 1975 7 3
1975 1321 7 3
1975 1976 9 10
1976 1975 9 10
1976 1977 7 8
1977 1976 7 8
1312 1978 7 7
1978 1312 7 7
1978 1979 3 5
1979 1978 3 5
1979 1311 1 1
1311 1979 1 1
1312 1980 2 5
1980 1312 2 5
1980 1313 2 13
1313 1980 2 13
1245 1981 4 14
1981 1245 4 14
1230 1982 6 9
1982 1230 6 9
1982 1983 8 5
1983 1982 8 5
1983 1231 3 7
1231 1983 3 7
1236 1984 3 10
1984 1236 3 10
1984 1985 7 8
1985 1984 7 8
1985 1237 2 9
1237 1985 2 9
1232 1986 1 5
1986 1232 1 5
1986 1231 4 2
1231 1986 4 2
1238 1987 6 12
1987 1238 6 12
993 1988 2 10
1988 993 2 10
1988 1989 3 6
1989 1988 3 6
1989 992 1 8
992 1989 1 8
512 1990 6 5
1990 512 6 5
1990 1991 7 10
1991 1990 7 10
1991 1992 4 5
1992 1991 4 5
1992 1993 7 10
1993 1992 7 10
1993 1994 11 3
1994 1993 11 3
1994 509 1 2
509 1994 1 2
1994 1995 16 9
1995 1994 16 9
1995 1996 2 5
1996 1995 2 5
1996 508 3 10
508 1996 3 10
508 1997 9 10
1997 508 9 10
1997 1998 8 10
1998 1997 8 10
1998 541 2 10
541 1998 2 10
1992 511 6 8
511 1992 6 8
532 1999 8 10
1999 532 8 10
1999 509 7 2
509 1999 7 2
538 2000 2 3
2000 538 2 3
2000 553 6 1
553 2000 6 1
545 2000 12 0
2000 545 12 0
545 2001 3 7
2001 545 3 7
2001 2002 5 9
2002 2001 5 9
2002 546 16 13
546 2002 16 13
551 2003 4 4
2003 551 4 4
2003 2004 2 1
2004 2003 2 1
2004 561 4 1
561 2004 4 1
589 2005 6 8
2005 589 6 8
562 2006 2 6
2006 562 2 6
2006 591 3 5
591 2006 3 5
562 550 5 4
550 562 5 4
568 2007 8 4
2007 568 8 4
2007 2008 5 13
2008 2007 5 13
2008 565 2 11
565 2008 2 11
565 2009 8 1
2009 565 8 1
2009 212 2 14
212 2009 2 14
212 2010 3 0
2010 212 3 0
110 2011 3 3
2011 110 3 3
2011 2012 2 5
2012 2011 2 5
340 2013 4 12
2013 340 4 12
2013 337 5 0
337 2013 5 0
2013 2014 16 0
2014 2013 16 0
352 2015 3 10
2015 352 3 10
2015 356 2 13
356 2015 2 13
356 2016 6 0
2016 356 6 0
2016 316 3 13
316 2016 3 13
364 2017 3 3
2017 364 3 3
317 2018 10 5
2018 317 10 5
2018 328 7 13
328 2018 7 13
2018 2017 5 5
2017 2018 5 5
2018 365 3 8
365 2018 3 8
365 2019 4 6
2019 365 4 6
2019 2020 2 8
2020 2019 2 8
2020 2021 4 12
2021 2020 4 12
2021 2022 4 4
2022 2021 4 4
2022 368 6 14
368 2022 6 14
350 2023 5 14
2023 350 5 14
2023 2024 6 6
2024 2023 6 6
346 2025 2 4
2025 346 2 4
2025 2026 5 8
2026 2025 5 8
2026 2027 8 2
2027 2026 8 2
2027 353 6 14
353 2027 6 14
346 1512 19 4
1512 346 19 4
334 2028 5 14
2028 334 5 14
2028 351 5 7
351 2028 5 7
351 2029 2 1
2029 351 2 1
2028 2030 3 12
2030 2028 3 12
2030 315 5 2
315 2030 5 2
315 2031 8 8
2031 315 8 8
2031 316 8 13
316 2031 8 13
324 2032 13 0
2032 324 13 0
2032 327 2 2
327 2032 2 2
2032 326 3 7
326 2032 3 7
330 2033 2 14
2033 330 2 14
2033 259 12 11
259 2033 12 11
259 2034 3 3
2034 259 3 3
2034 258 2 7
258 2034 2 7
261 262 4 9
262 261 4 9
262 2035 2 6
2035 262 2 6
2035 2036 5 14
2036 2035 5 14
2036 324 7 0
324 2036 7 0
250 2037 9 9
2037 250 9 9
2037 2038 4 1
2038 2037 4 1
2038 2039 3 5
2039 2038 3 5
2039 251 7 7
251 2039 7 7
865 2040 2 9
2040 865 2 9
2040 2041 3 11
2041 2040 3 11
2041 2042 5 13
2042 2041 5 13
2042 866 6 2
866 2042 6 2
867 2043 5 1
2043 867 5 1
2043 2044 5 12
2044 2043 5 12
2044 2041 4 14
2041 2044 4 14
858 2045 2 7
2045 858 2 7
2045 2046 2 6
2046 2045 2 6
2046 2047 10 14
2047 2046 10 14
2047 857 4 7
857 2047 4 7
864 2048 9 0
2048 864 9 0
2048 869 8 14
869 2048 8 14
890 2049 5 10
2049 890 5 10
2049 2050 7 5
2050 2049 7 5
2050 891 5 5
891 2050 5 5
846 2051 9 14
2051 846 9 14
2051 2052 5 13
2052 2051 5 13
2052 890 10 5
890 2052 10 5
860 856 8 11
856 860 8 11
414 2053 9 4
2053 414 9 4
414 2054 10 9
2054 414 10 9
2054 2055 3 7
2055 2054 3 7
2055 2056 2 0
2056 2055 2 0
2056 2057 5 10
2057 2056 5 10
2057 2058 8 12
2058 2057 8 12
2058 2059 7 12
2059 2058 7 12
2059 2060 9 13
2060 2059 9 13
2060 2061 11 7
2061 2060 11 7
2061 2062 6 5
2062 2061 6 5
354 2063 2 14
2063 354 2 14
2062 2064 5 0
2064 2062 5 0
2064 2065 9 12
2065 2064 9 12
2065 2066 7 11
2066 2065 7 11
2066 2067 7 5
2067 2066 7 5
2067 2068 3 1
2068 2067 3 1
2068 2069 17 2
2069 2068 17 2
2069 2070 4 9
2070 2069 4 9
2070 252 8 7
252 2070 8 7
417 2071 5 10
2071 417 5 10
2071 416 3 9
416 2071 3 9
417 2072 5 10
2072 417 5 10
2072 418 10 3
418 2072 10 3
398 1505 5 8
1505 398 5 8
398 2073 4 5
2073 398 4 5
233 2074 9 12
2074 233 9 12
2074 240 2 5
240 2074 2 5
240 2075 12 3
2075 240 12 3
517 2076 1 10
2076 517 1 10
2076 518 3 11
518 2076 3 11
194 2077 4 10
2077 194 4 10
2077 424 14 8
424 2077 14 8
163 2078 2 11
2078 163 2 11
2078 2079 7 8
2079 2078 7 8
2079 2080 16 6
2080 2079 16 6
2080 162 2 4
162 2080 2 4
425 2081 3 9
2081 425 3 9
2081 2082 3 1
2082 2081 3 1
199 2083 2 0
2083 199 2 0
2083 2084 9 10
2084 2083 9 10
216 2085 8 6
2085 216 8 6
2085 215 13 9
215 2085 13 9
699 2086 4 10
2086 699 4 10
2086 700 11 0
700 2086 11 0
9 2087 4 0
2087 9 4 0
2087 2088 3 9
2088 2087 3 9
2088 2089 5 2
2089 2088 5 2
2089 2090 4 13
2090 2089 4 13
2090 8 6 2
8 2090 6 2
62 2091 28 5
2091 62 28 5
2091 2092 14 3
2092 2091 14 3
2092 9 12 11
9 2092 12 11
496 2093 9 11
2093 496 9 11
2093 2094 4 12
2094 2093 4 12
2094 494 2 7
494 2094 2 7
469 2095 4 14
2095 469 4 14
2095 2096 5 11
2096 2095 5 11
2096 483 12 2
483 2096 12 2
2096 482 6 12
482 2096 6 12
486 489 7 1
489 486 7 1
475 2097 11 2
2097 475 11 2
2097 474 12 7
474 2097 12 7
477 2098 7 7
2098 477 7 7
2098 472 2 13
472 2098 2 13
2098 480 12 3
480 2098 12 3
487 2099 9 2
2099 487 9 2
2099 486 7 8
486 2099 7 8
1145 2100 8 9
2100 1145 8 9
2100 1076 9 10
1076 2100 9 10
2073 397 7 13
397 2073 7 13
890 2101 5 4
2101 890 5 4
2101 2102 8 8
2102 2101 8 8
2102 2103 3 6
2103 2102 3 6
2103 2104 3 7
2104 2103 3 7
2104 2105 5 13
2105 2104 5 13
2105 2106 4 7
2106 2105 4 7
2106 2107 2 10
2107 2106 2 10
2107 2108 3 3
2108 2107 3 3
2108 891 1 3
891 2108 1 3
720 2109 3 1
2109 720 3 1
2109 2110 10 2
2110 2109 10 2
2110 721 5 0
721 2110 5 0
344 2111 8 3
2111 344 8 3
2111 2112 4 12
2112 2111 4 12
2112 346 6 10
346 2112 6 10
107 2113 2 5
2113 107 2 5
2113 2114 3 12
2114 2113 3 12
2114 106 2 8
106 2114 2 8
307 2115 4 9
2115 307 4 9
2115 2116 10 14
2116 2115 10 14
2116 306 8 3
306 2116 8 3
693 691 5 9
691 693 5 9
1299 2117 8 1
2117 1299 8 1
2117 2118 7 7
2118 2117 7 7
2118 2119 4 3
2119 2118 4 3
2119 1333 3 12
1333 2119 3 12
687 2120 5 6
2120 687 5 6
2120 1328 5 4
1328 2120 5 4
1226 2121 10 11
2121 1226 10 11
2121 2122 5 6
2122 2121 5 6
1261 2123 2 6
2123 1261 2 6
2123 1263 5 6
1263 2123 5 6
2123 1264 9 13
1264 2123 9 13
1264 2124 5 7
2124 1264 5 7
2124 1262 6 14
1262 2124 6 14
276 2125 6 5
2125 276 6 5
2125 236 8 3
236 2125 8 3
2125 1538 21 2
1538 2125 21 2
88
287 1517
1517 264
264 1523
1522 1521
108 107
107 2113
2113 2114
2114 106
106 105
1581 1582
1582 1579
1579 1578
1578 1577
1576 35
35 34
34 64
64 1580
1580 1581
1574 171
169 168
16 26
26 25
25 1571
1571 36
36 172
1570 1569
172 1570
1569 159
159 158
158 157
157 167
167 168
168 1573
1573 26
26 1572
1572 168
156 157
209 549
549 1566
27 16
207 1568
1568 1567
1567 39
39 37
37 24
24 20
20 19
19 17
17 16
16 15
15 14
15 14
18 19
21 20
18 21
21 22
41 214
40 41
1621 43
43 42
42 44
23 22
216 2085
2085 215
215 44
44 1656
1656 1657
1657 577
23 1623
1623 1624
1624 1625
1625 11
11 10
13 12
12 11
577 578
445 444
3 4
962 1720
1720 1721
1721 1722
1722 1723
1723 1724
1724 962
976 1708
1708 1709
1709 1710
1710 975
30
1421 1422
1422 1421
1424 1425
1425 1424
835 834
834 835
834 833
833 834
1457 1458
1458 1457
1461 1460
1460 1461
1497 1496
1496 1497
1496 1495
1495 1496
2026 2025
2025 2026
2025 346
346 2025
550 562
562 550
1646 1648
1648 1646
37 24
24 37
24 20
20 24
24 25
25 24
4
2
1 0
1 0
5 100
5 50
2
1 0
1 0
6 100
6 50
2
1 0
1 0
7 100
7 50
3
1 1 0
1 0 0
4 100
4 130
4 50
